# File: A44.india_state_in_EJ_res_F_cooking_Y.csv
# Title: State-wise cooking energy demand in India
# Units: EJ/yr
# Comments: Residential cooking energy demand
# Source: Refer to India_bld disaggg
# Column types: ccccnnnnnnnnnnnnnnnnnnnnnnnnnnnnnnnnnnnnnnnn
# ----------
state,sector,fuel,service,1971,1972,1973,1974,1975,1976,1977,1978,1979,1980,1981,1982,1983,1984,1985,1986,1987,1988,1989,1990,1991,1992,1993,1994,1995,1996,1997,1998,1999,2000,2001,2002,2003,2004,2005,2006,2007,2008,2009,2010
AN,resid rural,electricity,resid rural cooking,0.00005,0.00005,0.00005,0.00005,0.00005,0.00005,0.00005,0.00005,0.00005,0.00005,0.00005,0.00005,0.00005,0.00005,0.00005,0.00005,0.00005,0.00005,0.00005,0.00005,0.00005,0.00005,0.00005,0.00005,0.00005,0.00005,0.00005,0.00005,0.00005,0.00005,0.00005,0.00005,0.00005,0.00005,0.00005,0.00005,0.00005,0.00005,0.00005,0.00005
AP,resid rural,electricity,resid rural cooking,0.00005,0.00005,0.00005,0.00005,0.00005,0.00005,0.00005,0.00005,0.00005,0.00005,0.00005,0.00005,0.00005,0.00005,0.00005,0.00005,0.00005,0.00005,0.00005,0.00005,0.00005,0.00005,0.00005,0.00005,0.00005,0.00005,0.00005,0.00005,0.00005,0.00005,0.00005,0.00005,0.00005,0.00005,0.00005,0.00005,0.00005,0.00005,0.00005,0.00005
AR,resid rural,electricity,resid rural cooking,0.00005,0.00005,0.00005,0.00005,0.00005,0.00005,0.00005,0.00005,0.00005,0.00005,0.00005,0.00005,0.00005,0.00005,0.00005,0.00005,0.00005,0.00005,0.00005,0.00005,0.00005,0.00005,0.00005,0.00005,0.00005,0.00005,0.00005,0.00005,0.00005,0.00005,0.00005,0.00005,0.00005,0.00005,0.00005,0.00005,0.00005,0.00005,0.00005,0.00005
AS,resid rural,electricity,resid rural cooking,0.00005,0.00005,0.00005,0.00005,0.00005,0.00005,0.00005,0.00005,0.00005,0.00005,0.00005,0.00005,0.00005,0.00005,0.00005,0.00005,0.00005,0.00005,0.00005,0.00005,0.00005,0.00005,0.00005,0.00005,0.00005,0.00005,0.00005,0.00005,0.00005,0.00005,0.00005,0.00005,0.00005,0.00005,0.00005,0.00005,0.00005,0.00005,0.00005,0.00005
BR,resid rural,electricity,resid rural cooking,0.00005,0.00005,0.00005,0.00005,0.00005,0.00005,0.00005,0.00005,0.00005,0.00005,0.00005,0.00005,0.00005,0.00005,0.00005,0.00005,0.00005,0.00005,0.00005,0.00005,0.00005,0.00005,0.00005,0.00005,0.00005,0.00005,0.00005,0.00005,0.00005,0.00005,0.00005,0.00005,0.00005,0.00005,0.00005,0.00005,0.00005,0.00005,0.00005,0.00005
CG,resid rural,electricity,resid rural cooking,0.00005,0.00005,0.00005,0.00005,0.00005,0.00005,0.00005,0.00005,0.00005,0.00005,0.00005,0.00005,0.00005,0.00005,0.00005,0.00005,0.00005,0.00005,0.00005,0.00005,0.00005,0.00005,0.00005,0.00005,0.00005,0.00005,0.00005,0.00005,0.00005,0.00005,0.00005,0.00005,0.00005,0.00005,0.00005,0.00005,0.00005,0.00005,0.00005,0.00005
CH,resid rural,electricity,resid rural cooking,0.00005,0.00005,0.00005,0.00005,0.00005,0.00005,0.00005,0.00005,0.00005,0.00005,0.00005,0.00005,0.00005,0.00005,0.00005,0.00005,0.00005,0.00005,0.00005,0.00005,0.00005,0.00005,0.00005,0.00005,0.00005,0.00005,0.00005,0.00005,0.00005,0.00005,0.00005,0.00005,0.00005,0.00005,0.00005,0.00005,0.00005,0.00005,0.00005,0.00005
DD,resid rural,electricity,resid rural cooking,0.00005,0.00005,0.00005,0.00005,0.00005,0.00005,0.00005,0.00005,0.00005,0.00005,0.00005,0.00005,0.00005,0.00005,0.00005,0.00005,0.00005,0.00005,0.00005,0.00005,0.00005,0.00005,0.00005,0.00005,0.00005,0.00005,0.00005,0.00005,0.00005,0.00005,0.00005,0.00005,0.00005,0.00005,0.00005,0.00005,0.00005,0.00005,0.00005,0.00005
DL,resid rural,electricity,resid rural cooking,0.00005,0.00005,0.00005,0.00005,0.00005,0.00005,0.00005,0.00005,0.00005,0.00005,0.00005,0.00005,0.00005,0.00005,0.00005,0.00005,0.00005,0.00005,0.00005,0.00005,0.00005,0.00005,0.00005,0.00005,0.00005,0.00005,0.00005,0.00005,0.00005,0.00005,0.00005,0.00005,0.00005,0.00005,0.00005,0.00005,0.00005,0.00005,0.00005,0.00005
DN,resid rural,electricity,resid rural cooking,0.00005,0.00005,0.00005,0.00005,0.00005,0.00005,0.00005,0.00005,0.00005,0.00005,0.00005,0.00005,0.00005,0.00005,0.00005,0.00005,0.00005,0.00005,0.00005,0.00005,0.00005,0.00005,0.00005,0.00005,0.00005,0.00005,0.00005,0.00005,0.00005,0.00005,0.00005,0.00005,0.00005,0.00005,0.00005,0.00005,0.00005,0.00005,0.00005,0.00005
GA,resid rural,electricity,resid rural cooking,0.00005,0.00005,0.00005,0.00005,0.00005,0.00005,0.00005,0.00005,0.00005,0.00005,0.00005,0.00005,0.00005,0.00005,0.00005,0.00005,0.00005,0.00005,0.00005,0.00005,0.00005,0.00005,0.00005,0.00005,0.00005,0.00005,0.00005,0.00005,0.00005,0.00005,0.00005,0.00005,0.00005,0.00005,0.00005,0.00005,0.00005,0.00005,0.00005,0.00005
GJ,resid rural,electricity,resid rural cooking,0.00005,0.00005,0.00005,0.00005,0.00005,0.00005,0.00005,0.00005,0.00005,0.00005,0.00005,0.00005,0.00005,0.00005,0.00005,0.00005,0.00005,0.00005,0.00005,0.00005,0.00005,0.00005,0.00005,0.00005,0.00005,0.00005,0.00005,0.00005,0.00005,0.00005,0.00005,0.00005,0.00005,0.00005,0.00005,0.00005,0.00005,0.00005,0.00005,0.00005
HP,resid rural,electricity,resid rural cooking,0.00005,0.00005,0.00005,0.00005,0.00005,0.00005,0.00005,0.00005,0.00005,0.00005,0.00005,0.00005,0.00005,0.00005,0.00005,0.00005,0.00005,0.00005,0.00005,0.00005,0.00005,0.00005,0.00005,0.00005,0.00005,0.00005,0.00005,0.00005,0.00005,0.00005,0.00005,0.00005,0.00005,0.00005,0.00005,0.00005,0.00005,0.00005,0.00005,0.00005
HR,resid rural,electricity,resid rural cooking,0.00005,0.00005,0.00005,0.00005,0.00005,0.00005,0.00005,0.00005,0.00005,0.00005,0.00005,0.00005,0.00005,0.00005,0.00005,0.00005,0.00005,0.00005,0.00005,0.00005,0.00005,0.00005,0.00005,0.00005,0.00005,0.00005,0.00005,0.00005,0.00005,0.00005,0.00005,0.00005,0.00005,0.00005,0.00005,0.00005,0.00005,0.00005,0.00005,0.00005
JH,resid rural,electricity,resid rural cooking,0.00005,0.00005,0.00005,0.00005,0.00005,0.00005,0.00005,0.00005,0.00005,0.00005,0.00005,0.00005,0.00005,0.00005,0.00005,0.00005,0.00005,0.00005,0.00005,0.00005,0.00005,0.00005,0.00005,0.00005,0.00005,0.00005,0.00005,0.00005,0.00005,0.00005,0.00005,0.00005,0.00005,0.00005,0.00005,0.00005,0.00005,0.00005,0.00005,0.00005
JK,resid rural,electricity,resid rural cooking,0.00005,0.00005,0.00005,0.00005,0.00005,0.00005,0.00005,0.00005,0.00005,0.00005,0.00005,0.00005,0.00005,0.00005,0.00005,0.00005,0.00005,0.00005,0.00005,0.00005,0.00005,0.00005,0.00005,0.00005,0.00005,0.00005,0.00005,0.00005,0.00005,0.00005,0.00005,0.00005,0.00005,0.00005,0.00005,0.00005,0.00005,0.00005,0.00005,0.00005
KA,resid rural,electricity,resid rural cooking,0.00005,0.00005,0.00005,0.00005,0.00005,0.00005,0.00005,0.00005,0.00005,0.00005,0.00005,0.00005,0.00005,0.00005,0.00005,0.00005,0.00005,0.00005,0.00005,0.00005,0.00005,0.00005,0.00005,0.00005,0.00005,0.00005,0.00005,0.00005,0.00005,0.00005,0.00005,0.00005,0.00005,0.00005,0.00005,0.00005,0.00005,0.00005,0.00005,0.00005
KL,resid rural,electricity,resid rural cooking,0.00005,0.00005,0.00005,0.00005,0.00005,0.00005,0.00005,0.00005,0.00005,0.00005,0.00005,0.00005,0.00005,0.00005,0.00005,0.00005,0.00005,0.00005,0.00005,0.00005,0.00005,0.00005,0.00005,0.00005,0.00005,0.00005,0.00005,0.00005,0.00005,0.00005,0.00005,0.00005,0.00005,0.00005,0.00005,0.00005,0.00005,0.00005,0.00005,0.00005
LA,resid rural,electricity,resid rural cooking,0.00005,0.00005,0.00005,0.00005,0.00005,0.00005,0.00005,0.00005,0.00005,0.00005,0.00005,0.00005,0.00005,0.00005,0.00005,0.00005,0.00005,0.00005,0.00005,0.00005,0.00005,0.00005,0.00005,0.00005,0.00005,0.00005,0.00005,0.00005,0.00005,0.00005,0.00005,0.00005,0.00005,0.00005,0.00005,0.00005,0.00005,0.00005,0.00005,0.00005
LD,resid rural,electricity,resid rural cooking,0.00005,0.00005,0.00005,0.00005,0.00005,0.00005,0.00005,0.00005,0.00005,0.00005,0.00005,0.00005,0.00005,0.00005,0.00005,0.00005,0.00005,0.00005,0.00005,0.00005,0.00005,0.00005,0.00005,0.00005,0.00005,0.00005,0.00005,0.00005,0.00005,0.00005,0.00005,0.00005,0.00005,0.00005,0.00005,0.00005,0.00005,0.00005,0.00005,0.00005
MH,resid rural,electricity,resid rural cooking,0.00005,0.00005,0.00005,0.00005,0.00005,0.00005,0.00005,0.00005,0.00005,0.00005,0.00005,0.00005,0.00005,0.00005,0.00005,0.00005,0.00005,0.00005,0.00005,0.00005,0.00005,0.00005,0.00005,0.00005,0.00005,0.00005,0.00005,0.00005,0.00005,0.00005,0.00005,0.00005,0.00005,0.00005,0.00005,0.00005,0.00005,0.00005,0.00005,0.00005
ML,resid rural,electricity,resid rural cooking,0.00005,0.00005,0.00005,0.00005,0.00005,0.00005,0.00005,0.00005,0.00005,0.00005,0.00005,0.00005,0.00005,0.00005,0.00005,0.00005,0.00005,0.00005,0.00005,0.00005,0.00005,0.00005,0.00005,0.00005,0.00005,0.00005,0.00005,0.00005,0.00005,0.00005,0.00005,0.00005,0.00005,0.00005,0.00005,0.00005,0.00005,0.00005,0.00005,0.00005
MN,resid rural,electricity,resid rural cooking,0.00005,0.00005,0.00005,0.00005,0.00005,0.00005,0.00005,0.00005,0.00005,0.00005,0.00005,0.00005,0.00005,0.00005,0.00005,0.00005,0.00005,0.00005,0.00005,0.00005,0.00005,0.00005,0.00005,0.00005,0.00005,0.00005,0.00005,0.00005,0.00005,0.00005,0.00005,0.00005,0.00005,0.00005,0.00005,0.00005,0.00005,0.00005,0.00005,0.00005
MP,resid rural,electricity,resid rural cooking,0.00005,0.00005,0.00005,0.00005,0.00005,0.00005,0.00005,0.00005,0.00005,0.00005,0.00005,0.00005,0.00005,0.00005,0.00005,0.00005,0.00005,0.00005,0.00005,0.00005,0.00005,0.00005,0.00005,0.00005,0.00005,0.00005,0.00005,0.00005,0.00005,0.00005,0.00005,0.00005,0.00005,0.00005,0.00005,0.00005,0.00005,0.00005,0.00005,0.00005
MZ,resid rural,electricity,resid rural cooking,0.00005,0.00005,0.00005,0.00005,0.00005,0.00005,0.00005,0.00005,0.00005,0.00005,0.00005,0.00005,0.00005,0.00005,0.00005,0.00005,0.00005,0.00005,0.00005,0.00005,0.00005,0.00005,0.00005,0.00005,0.00005,0.00005,0.00005,0.00005,0.00005,0.00005,0.00005,0.00005,0.00005,0.00005,0.00005,0.00005,0.00005,0.00005,0.00005,0.00005
NL,resid rural,electricity,resid rural cooking,0.00005,0.00005,0.00005,0.00005,0.00005,0.00005,0.00005,0.00005,0.00005,0.00005,0.00005,0.00005,0.00005,0.00005,0.00005,0.00005,0.00005,0.00005,0.00005,0.00005,0.00005,0.00005,0.00005,0.00005,0.00005,0.00005,0.00005,0.00005,0.00005,0.00005,0.00005,0.00005,0.00005,0.00005,0.00005,0.00005,0.00005,0.00005,0.00005,0.00005
OD,resid rural,electricity,resid rural cooking,0.00005,0.00005,0.00005,0.00005,0.00005,0.00005,0.00005,0.00005,0.00005,0.00005,0.00005,0.00005,0.00005,0.00005,0.00005,0.00005,0.00005,0.00005,0.00005,0.00005,0.00005,0.00005,0.00005,0.00005,0.00005,0.00005,0.00005,0.00005,0.00005,0.00005,0.00005,0.00005,0.00005,0.00005,0.00005,0.00005,0.00005,0.00005,0.00005,0.00005
PB,resid rural,electricity,resid rural cooking,0.00005,0.00005,0.00005,0.00005,0.00005,0.00005,0.00005,0.00005,0.00005,0.00005,0.00005,0.00005,0.00005,0.00005,0.00005,0.00005,0.00005,0.00005,0.00005,0.00005,0.00005,0.00005,0.00005,0.00005,0.00005,0.00005,0.00005,0.00005,0.00005,0.00005,0.00005,0.00005,0.00005,0.00005,0.00005,0.00005,0.00005,0.00005,0.00005,0.00005
PC,resid rural,electricity,resid rural cooking,0.00005,0.00005,0.00005,0.00005,0.00005,0.00005,0.00005,0.00005,0.00005,0.00005,0.00005,0.00005,0.00005,0.00005,0.00005,0.00005,0.00005,0.00005,0.00005,0.00005,0.00005,0.00005,0.00005,0.00005,0.00005,0.00005,0.00005,0.00005,0.00005,0.00005,0.00005,0.00005,0.00005,0.00005,0.00005,0.00005,0.00005,0.00005,0.00005,0.00005
RJ,resid rural,electricity,resid rural cooking,0.00005,0.00005,0.00005,0.00005,0.00005,0.00005,0.00005,0.00005,0.00005,0.00005,0.00005,0.00005,0.00005,0.00005,0.00005,0.00005,0.00005,0.00005,0.00005,0.00005,0.00005,0.00005,0.00005,0.00005,0.00005,0.00005,0.00005,0.00005,0.00005,0.00005,0.00005,0.00005,0.00005,0.00005,0.00005,0.00005,0.00005,0.00005,0.00005,0.00005
SK,resid rural,electricity,resid rural cooking,0.00005,0.00005,0.00005,0.00005,0.00005,0.00005,0.00005,0.00005,0.00005,0.00005,0.00005,0.00005,0.00005,0.00005,0.00005,0.00005,0.00005,0.00005,0.00005,0.00005,0.00005,0.00005,0.00005,0.00005,0.00005,0.00005,0.00005,0.00005,0.00005,0.00005,0.00005,0.00005,0.00005,0.00005,0.00005,0.00005,0.00005,0.00005,0.00005,0.00005
TN,resid rural,electricity,resid rural cooking,0.00005,0.00005,0.00005,0.00005,0.00005,0.00005,0.00005,0.00005,0.00005,0.00005,0.00005,0.00005,0.00005,0.00005,0.00005,0.00005,0.00005,0.00005,0.00005,0.00005,0.00005,0.00005,0.00005,0.00005,0.00005,0.00005,0.00005,0.00005,0.00005,0.00005,0.00005,0.00005,0.00005,0.00005,0.00005,0.00005,0.00005,0.00005,0.00005,0.00005
TR,resid rural,electricity,resid rural cooking,0.00005,0.00005,0.00005,0.00005,0.00005,0.00005,0.00005,0.00005,0.00005,0.00005,0.00005,0.00005,0.00005,0.00005,0.00005,0.00005,0.00005,0.00005,0.00005,0.00005,0.00005,0.00005,0.00005,0.00005,0.00005,0.00005,0.00005,0.00005,0.00005,0.00005,0.00005,0.00005,0.00005,0.00005,0.00005,0.00005,0.00005,0.00005,0.00005,0.00005
TS,resid rural,electricity,resid rural cooking,0.00005,0.00005,0.00005,0.00005,0.00005,0.00005,0.00005,0.00005,0.00005,0.00005,0.00005,0.00005,0.00005,0.00005,0.00005,0.00005,0.00005,0.00005,0.00005,0.00005,0.00005,0.00005,0.00005,0.00005,0.00005,0.00005,0.00005,0.00005,0.00005,0.00005,0.00005,0.00005,0.00005,0.00005,0.00005,0.00005,0.00005,0.00005,0.00005,0.00005
UK,resid rural,electricity,resid rural cooking,0.00005,0.00005,0.00005,0.00005,0.00005,0.00005,0.00005,0.00005,0.00005,0.00005,0.00005,0.00005,0.00005,0.00005,0.00005,0.00005,0.00005,0.00005,0.00005,0.00005,0.00005,0.00005,0.00005,0.00005,0.00005,0.00005,0.00005,0.00005,0.00005,0.00005,0.00005,0.00005,0.00005,0.00005,0.00005,0.00005,0.00005,0.00005,0.00005,0.00005
UP,resid rural,electricity,resid rural cooking,0.00005,0.00005,0.00005,0.00005,0.00005,0.00005,0.00005,0.00005,0.00005,0.00005,0.00005,0.00005,0.00005,0.00005,0.00005,0.00005,0.00005,0.00005,0.00005,0.00005,0.00005,0.00005,0.00005,0.00005,0.00005,0.00005,0.00005,0.00005,0.00005,0.00005,0.00005,0.00005,0.00005,0.00005,0.00005,0.00005,0.00005,0.00005,0.00005,0.00005
WB,resid rural,electricity,resid rural cooking,0.00005,0.00005,0.00005,0.00005,0.00005,0.00005,0.00005,0.00005,0.00005,0.00005,0.00005,0.00005,0.00005,0.00005,0.00005,0.00005,0.00005,0.00005,0.00005,0.00005,0.00005,0.00005,0.00005,0.00005,0.00005,0.00005,0.00005,0.00005,0.00005,0.00005,0.00005,0.00005,0.00005,0.00005,0.00005,0.00005,0.00005,0.00005,0.00005,0.00005
AN,resid urban,electricity,resid urban cooking,0.00005,0.00005,0.00005,0.00005,0.00005,0.00005,0.00005,0.00005,0.00005,0.00005,0.00005,0.00005,0.00005,0.00005,0.00005,0.00005,0.00005,0.00005,0.00005,0.00005,0.00005,0.00005,0.00005,0.00005,0.00005,0.00005,0.00005,0.00005,0.00005,0.00005,0.00005,0.00005,0.00005,0.00005,0.00005,0.00005,0.00005,0.00005,0.00005,0.00005
AP,resid urban,electricity,resid urban cooking,0.00005,0.00005,0.00005,0.00005,0.00005,0.00005,0.00005,0.00005,0.00005,0.00005,0.00005,0.00005,0.00005,0.00005,0.00005,0.00005,0.00005,0.00005,0.00005,0.00005,0.00005,0.00005,0.00005,0.00005,0.00005,0.00005,0.00005,0.00005,0.00005,0.00005,0.00005,0.00005,0.00005,0.00005,0.00005,0.00005,0.00005,0.00005,0.00005,0.00005
AR,resid urban,electricity,resid urban cooking,0.00005,0.00005,0.00005,0.00005,0.00005,0.00005,0.00005,0.00005,0.00005,0.00005,0.00005,0.00005,0.00005,0.00005,0.00005,0.00005,0.00005,0.00005,0.00005,0.00005,0.00005,0.00005,0.00005,0.00005,0.00005,0.00005,0.00005,0.00005,0.00005,0.00005,0.00005,0.00005,0.00005,0.00005,0.00005,0.00005,0.00005,0.00005,0.00005,0.00005
AS,resid urban,electricity,resid urban cooking,0.00005,0.00005,0.00005,0.00005,0.00005,0.00005,0.00005,0.00005,0.00005,0.00005,0.00005,0.00005,0.00005,0.00005,0.00005,0.00005,0.00005,0.00005,0.00005,0.00005,0.00005,0.00005,0.00005,0.00005,0.00005,0.00005,0.00005,0.00005,0.00005,0.00005,0.00005,0.00005,0.00005,0.00005,0.00005,0.00005,0.00005,0.00005,0.00005,0.00005
BR,resid urban,electricity,resid urban cooking,0.00005,0.00005,0.00005,0.00005,0.00005,0.00005,0.00005,0.00005,0.00005,0.00005,0.00005,0.00005,0.00005,0.00005,0.00005,0.00005,0.00005,0.00005,0.00005,0.00005,0.00005,0.00005,0.00005,0.00005,0.00005,0.00005,0.00005,0.00005,0.00005,0.00005,0.00005,0.00005,0.00005,0.00005,0.00005,0.00005,0.00005,0.00005,0.00005,0.00005
CG,resid urban,electricity,resid urban cooking,0.00005,0.00005,0.00005,0.00005,0.00005,0.00005,0.00005,0.00005,0.00005,0.00005,0.00005,0.00005,0.00005,0.00005,0.00005,0.00005,0.00005,0.00005,0.00005,0.00005,0.00005,0.00005,0.00005,0.00005,0.00005,0.00005,0.00005,0.00005,0.00005,0.00005,0.00005,0.00005,0.00005,0.00005,0.00005,0.00005,0.00005,0.00005,0.00005,0.00005
CH,resid urban,electricity,resid urban cooking,0.00005,0.00005,0.00005,0.00005,0.00005,0.00005,0.00005,0.00005,0.00005,0.00005,0.00005,0.00005,0.00005,0.00005,0.00005,0.00005,0.00005,0.00005,0.00005,0.00005,0.00005,0.00005,0.00005,0.00005,0.00005,0.00005,0.00005,0.00005,0.00005,0.00005,0.00005,0.00005,0.00005,0.00005,0.00005,0.00005,0.00005,0.00005,0.00005,0.00005
DD,resid urban,electricity,resid urban cooking,0.00005,0.00005,0.00005,0.00005,0.00005,0.00005,0.00005,0.00005,0.00005,0.00005,0.00005,0.00005,0.00005,0.00005,0.00005,0.00005,0.00005,0.00005,0.00005,0.00005,0.00005,0.00005,0.00005,0.00005,0.00005,0.00005,0.00005,0.00005,0.00005,0.00005,0.00005,0.00005,0.00005,0.00005,0.00005,0.00005,0.00005,0.00005,0.00005,0.00005
DL,resid urban,electricity,resid urban cooking,0.00005,0.00005,0.00005,0.00005,0.00005,0.00005,0.00005,0.00005,0.00005,0.00005,0.00005,0.00005,0.00005,0.00005,0.00005,0.00005,0.00005,0.00005,0.00005,0.00005,0.00005,0.00005,0.00005,0.00005,0.00005,0.00005,0.00005,0.00005,0.00005,0.00005,0.00005,0.00005,0.00005,0.00005,0.00005,0.00005,0.00005,0.00005,0.00005,0.00005
DN,resid urban,electricity,resid urban cooking,0.00005,0.00005,0.00005,0.00005,0.00005,0.00005,0.00005,0.00005,0.00005,0.00005,0.00005,0.00005,0.00005,0.00005,0.00005,0.00005,0.00005,0.00005,0.00005,0.00005,0.00005,0.00005,0.00005,0.00005,0.00005,0.00005,0.00005,0.00005,0.00005,0.00005,0.00005,0.00005,0.00005,0.00005,0.00005,0.00005,0.00005,0.00005,0.00005,0.00005
GA,resid urban,electricity,resid urban cooking,0.00005,0.00005,0.00005,0.00005,0.00005,0.00005,0.00005,0.00005,0.00005,0.00005,0.00005,0.00005,0.00005,0.00005,0.00005,0.00005,0.00005,0.00005,0.00005,0.00005,0.00005,0.00005,0.00005,0.00005,0.00005,0.00005,0.00005,0.00005,0.00005,0.00005,0.00005,0.00005,0.00005,0.00005,0.00005,0.00005,0.00005,0.00005,0.00005,0.00005
GJ,resid urban,electricity,resid urban cooking,0.00005,0.00005,0.00005,0.00005,0.00005,0.00005,0.00005,0.00005,0.00005,0.00005,0.00005,0.00005,0.00005,0.00005,0.00005,0.00005,0.00005,0.00005,0.00005,0.00005,0.00005,0.00005,0.00005,0.00005,0.00005,0.00005,0.00005,0.00005,0.00005,0.00005,0.00005,0.00005,0.00005,0.00005,0.00005,0.00005,0.00005,0.00005,0.00005,0.00005
HP,resid urban,electricity,resid urban cooking,0.00005,0.00005,0.00005,0.00005,0.00005,0.00005,0.00005,0.00005,0.00005,0.00005,0.00005,0.00005,0.00005,0.00005,0.00005,0.00005,0.00005,0.00005,0.00005,0.00005,0.00005,0.00005,0.00005,0.00005,0.00005,0.00005,0.00005,0.00005,0.00005,0.00005,0.00005,0.00005,0.00005,0.00005,0.00005,0.00005,0.00005,0.00005,0.00005,0.00005
HR,resid urban,electricity,resid urban cooking,0.00005,0.00005,0.00005,0.00005,0.00005,0.00005,0.00005,0.00005,0.00005,0.00005,0.00005,0.00005,0.00005,0.00005,0.00005,0.00005,0.00005,0.00005,0.00005,0.00005,0.00005,0.00005,0.00005,0.00005,0.00005,0.00005,0.00005,0.00005,0.00005,0.00005,0.00005,0.00005,0.00005,0.00005,0.00005,0.00005,0.00005,0.00005,0.00005,0.00005
JH,resid urban,electricity,resid urban cooking,0.00005,0.00005,0.00005,0.00005,0.00005,0.00005,0.00005,0.00005,0.00005,0.00005,0.00005,0.00005,0.00005,0.00005,0.00005,0.00005,0.00005,0.00005,0.00005,0.00005,0.00005,0.00005,0.00005,0.00005,0.00005,0.00005,0.00005,0.00005,0.00005,0.00005,0.00005,0.00005,0.00005,0.00005,0.00005,0.00005,0.00005,0.00005,0.00005,0.00005
JK,resid urban,electricity,resid urban cooking,0.00005,0.00005,0.00005,0.00005,0.00005,0.00005,0.00005,0.00005,0.00005,0.00005,0.00005,0.00005,0.00005,0.00005,0.00005,0.00005,0.00005,0.00005,0.00005,0.00005,0.00005,0.00005,0.00005,0.00005,0.00005,0.00005,0.00005,0.00005,0.00005,0.00005,0.00005,0.00005,0.00005,0.00005,0.00005,0.00005,0.00005,0.00005,0.00005,0.00005
KA,resid urban,electricity,resid urban cooking,0.00005,0.00005,0.00005,0.00005,0.00005,0.00005,0.00005,0.00005,0.00005,0.00005,0.00005,0.00005,0.00005,0.00005,0.00005,0.00005,0.00005,0.00005,0.00005,0.00005,0.00005,0.00005,0.00005,0.00005,0.00005,0.00005,0.00005,0.00005,0.00005,0.00005,0.00005,0.00005,0.00005,0.00005,0.00005,0.00005,0.00005,0.00005,0.00005,0.00005
KL,resid urban,electricity,resid urban cooking,0.00005,0.00005,0.00005,0.00005,0.00005,0.00005,0.00005,0.00005,0.00005,0.00005,0.00005,0.00005,0.00005,0.00005,0.00005,0.00005,0.00005,0.00005,0.00005,0.00005,0.00005,0.00005,0.00005,0.00005,0.00005,0.00005,0.00005,0.00005,0.00005,0.00005,0.00005,0.00005,0.00005,0.00005,0.00005,0.00005,0.00005,0.00005,0.00005,0.00005
LA,resid urban,electricity,resid urban cooking,0.00005,0.00005,0.00005,0.00005,0.00005,0.00005,0.00005,0.00005,0.00005,0.00005,0.00005,0.00005,0.00005,0.00005,0.00005,0.00005,0.00005,0.00005,0.00005,0.00005,0.00005,0.00005,0.00005,0.00005,0.00005,0.00005,0.00005,0.00005,0.00005,0.00005,0.00005,0.00005,0.00005,0.00005,0.00005,0.00005,0.00005,0.00005,0.00005,0.00005
LD,resid urban,electricity,resid urban cooking,0.00005,0.00005,0.00005,0.00005,0.00005,0.00005,0.00005,0.00005,0.00005,0.00005,0.00005,0.00005,0.00005,0.00005,0.00005,0.00005,0.00005,0.00005,0.00005,0.00005,0.00005,0.00005,0.00005,0.00005,0.00005,0.00005,0.00005,0.00005,0.00005,0.00005,0.00005,0.00005,0.00005,0.00005,0.00005,0.00005,0.00005,0.00005,0.00005,0.00005
MH,resid urban,electricity,resid urban cooking,0.00005,0.00005,0.00005,0.00005,0.00005,0.00005,0.00005,0.00005,0.00005,0.00005,0.00005,0.00005,0.00005,0.00005,0.00005,0.00005,0.00005,0.00005,0.00005,0.00005,0.00005,0.00005,0.00005,0.00005,0.00005,0.00005,0.00005,0.00005,0.00005,0.00005,0.00005,0.00005,0.00005,0.00005,0.00005,0.00005,0.00005,0.00005,0.00005,0.00005
ML,resid urban,electricity,resid urban cooking,0.00005,0.00005,0.00005,0.00005,0.00005,0.00005,0.00005,0.00005,0.00005,0.00005,0.00005,0.00005,0.00005,0.00005,0.00005,0.00005,0.00005,0.00005,0.00005,0.00005,0.00005,0.00005,0.00005,0.00005,0.00005,0.00005,0.00005,0.00005,0.00005,0.00005,0.00005,0.00005,0.00005,0.00005,0.00005,0.00005,0.00005,0.00005,0.00005,0.00005
MN,resid urban,electricity,resid urban cooking,0.00005,0.00005,0.00005,0.00005,0.00005,0.00005,0.00005,0.00005,0.00005,0.00005,0.00005,0.00005,0.00005,0.00005,0.00005,0.00005,0.00005,0.00005,0.00005,0.00005,0.00005,0.00005,0.00005,0.00005,0.00005,0.00005,0.00005,0.00005,0.00005,0.00005,0.00005,0.00005,0.00005,0.00005,0.00005,0.00005,0.00005,0.00005,0.00005,0.00005
MP,resid urban,electricity,resid urban cooking,0.00005,0.00005,0.00005,0.00005,0.00005,0.00005,0.00005,0.00005,0.00005,0.00005,0.00005,0.00005,0.00005,0.00005,0.00005,0.00005,0.00005,0.00005,0.00005,0.00005,0.00005,0.00005,0.00005,0.00005,0.00005,0.00005,0.00005,0.00005,0.00005,0.00005,0.00005,0.00005,0.00005,0.00005,0.00005,0.00005,0.00005,0.00005,0.00005,0.00005
MZ,resid urban,electricity,resid urban cooking,0.00005,0.00005,0.00005,0.00005,0.00005,0.00005,0.00005,0.00005,0.00005,0.00005,0.00005,0.00005,0.00005,0.00005,0.00005,0.00005,0.00005,0.00005,0.00005,0.00005,0.00005,0.00005,0.00005,0.00005,0.00005,0.00005,0.00005,0.00005,0.00005,0.00005,0.00005,0.00005,0.00005,0.00005,0.00005,0.00005,0.00005,0.00005,0.00005,0.00005
NL,resid urban,electricity,resid urban cooking,0.00005,0.00005,0.00005,0.00005,0.00005,0.00005,0.00005,0.00005,0.00005,0.00005,0.00005,0.00005,0.00005,0.00005,0.00005,0.00005,0.00005,0.00005,0.00005,0.00005,0.00005,0.00005,0.00005,0.00005,0.00005,0.00005,0.00005,0.00005,0.00005,0.00005,0.00005,0.00005,0.00005,0.00005,0.00005,0.00005,0.00005,0.00005,0.00005,0.00005
OD,resid urban,electricity,resid urban cooking,0.00005,0.00005,0.00005,0.00005,0.00005,0.00005,0.00005,0.00005,0.00005,0.00005,0.00005,0.00005,0.00005,0.00005,0.00005,0.00005,0.00005,0.00005,0.00005,0.00005,0.00005,0.00005,0.00005,0.00005,0.00005,0.00005,0.00005,0.00005,0.00005,0.00005,0.00005,0.00005,0.00005,0.00005,0.00005,0.00005,0.00005,0.00005,0.00005,0.00005
PB,resid urban,electricity,resid urban cooking,0.00005,0.00005,0.00005,0.00005,0.00005,0.00005,0.00005,0.00005,0.00005,0.00005,0.00005,0.00005,0.00005,0.00005,0.00005,0.00005,0.00005,0.00005,0.00005,0.00005,0.00005,0.00005,0.00005,0.00005,0.00005,0.00005,0.00005,0.00005,0.00005,0.00005,0.00005,0.00005,0.00005,0.00005,0.00005,0.00005,0.00005,0.00005,0.00005,0.00005
PC,resid urban,electricity,resid urban cooking,0.00005,0.00005,0.00005,0.00005,0.00005,0.00005,0.00005,0.00005,0.00005,0.00005,0.00005,0.00005,0.00005,0.00005,0.00005,0.00005,0.00005,0.00005,0.00005,0.00005,0.00005,0.00005,0.00005,0.00005,0.00005,0.00005,0.00005,0.00005,0.00005,0.00005,0.00005,0.00005,0.00005,0.00005,0.00005,0.00005,0.00005,0.00005,0.00005,0.00005
RJ,resid urban,electricity,resid urban cooking,0.00005,0.00005,0.00005,0.00005,0.00005,0.00005,0.00005,0.00005,0.00005,0.00005,0.00005,0.00005,0.00005,0.00005,0.00005,0.00005,0.00005,0.00005,0.00005,0.00005,0.00005,0.00005,0.00005,0.00005,0.00005,0.00005,0.00005,0.00005,0.00005,0.00005,0.00005,0.00005,0.00005,0.00005,0.00005,0.00005,0.00005,0.00005,0.00005,0.00005
SK,resid urban,electricity,resid urban cooking,0.00005,0.00005,0.00005,0.00005,0.00005,0.00005,0.00005,0.00005,0.00005,0.00005,0.00005,0.00005,0.00005,0.00005,0.00005,0.00005,0.00005,0.00005,0.00005,0.00005,0.00005,0.00005,0.00005,0.00005,0.00005,0.00005,0.00005,0.00005,0.00005,0.00005,0.00005,0.00005,0.00005,0.00005,0.00005,0.00005,0.00005,0.00005,0.00005,0.00005
TN,resid urban,electricity,resid urban cooking,0.00005,0.00005,0.00005,0.00005,0.00005,0.00005,0.00005,0.00005,0.00005,0.00005,0.00005,0.00005,0.00005,0.00005,0.00005,0.00005,0.00005,0.00005,0.00005,0.00005,0.00005,0.00005,0.00005,0.00005,0.00005,0.00005,0.00005,0.00005,0.00005,0.00005,0.00005,0.00005,0.00005,0.00005,0.00005,0.00005,0.00005,0.00005,0.00005,0.00005
TR,resid urban,electricity,resid urban cooking,0.00005,0.00005,0.00005,0.00005,0.00005,0.00005,0.00005,0.00005,0.00005,0.00005,0.00005,0.00005,0.00005,0.00005,0.00005,0.00005,0.00005,0.00005,0.00005,0.00005,0.00005,0.00005,0.00005,0.00005,0.00005,0.00005,0.00005,0.00005,0.00005,0.00005,0.00005,0.00005,0.00005,0.00005,0.00005,0.00005,0.00005,0.00005,0.00005,0.00005
TS,resid urban,electricity,resid urban cooking,0.00005,0.00005,0.00005,0.00005,0.00005,0.00005,0.00005,0.00005,0.00005,0.00005,0.00005,0.00005,0.00005,0.00005,0.00005,0.00005,0.00005,0.00005,0.00005,0.00005,0.00005,0.00005,0.00005,0.00005,0.00005,0.00005,0.00005,0.00005,0.00005,0.00005,0.00005,0.00005,0.00005,0.00005,0.00005,0.00005,0.00005,0.00005,0.00005,0.00005
UK,resid urban,electricity,resid urban cooking,0.00005,0.00005,0.00005,0.00005,0.00005,0.00005,0.00005,0.00005,0.00005,0.00005,0.00005,0.00005,0.00005,0.00005,0.00005,0.00005,0.00005,0.00005,0.00005,0.00005,0.00005,0.00005,0.00005,0.00005,0.00005,0.00005,0.00005,0.00005,0.00005,0.00005,0.00005,0.00005,0.00005,0.00005,0.00005,0.00005,0.00005,0.00005,0.00005,0.00005
UP,resid urban,electricity,resid urban cooking,0.00005,0.00005,0.00005,0.00005,0.00005,0.00005,0.00005,0.00005,0.00005,0.00005,0.00005,0.00005,0.00005,0.00005,0.00005,0.00005,0.00005,0.00005,0.00005,0.00005,0.00005,0.00005,0.00005,0.00005,0.00005,0.00005,0.00005,0.00005,0.00005,0.00005,0.00005,0.00005,0.00005,0.00005,0.00005,0.00005,0.00005,0.00005,0.00005,0.00005
WB,resid urban,electricity,resid urban cooking,0.00005,0.00005,0.00005,0.00005,0.00005,0.00005,0.00005,0.00005,0.00005,0.00005,0.00005,0.00005,0.00005,0.00005,0.00005,0.00005,0.00005,0.00005,0.00005,0.00005,0.00005,0.00005,0.00005,0.00005,0.00005,0.00005,0.00005,0.00005,0.00005,0.00005,0.00005,0.00005,0.00005,0.00005,0.00005,0.00005,0.00005,0.00005,0.00005,0.00005
AN,resid rural,coal,resid rural cooking,0.00005,0.00005,0.00005,0.00005,0.00005,0.00005,0.00005,0.00005,0.00005,0.00005,0.00005,0.00005,0.00005,0.00005,0.00005,0.00005,0.00005,0.00005,0.00005,0.00005,0.00005,0.00005,0.00005,0.00005,0.00005,0.00005,0.00005,0.00005,0.00005,0.00005,0.00005,0.00005,0.00005,0.00005,0.00005,0.00005,0.00005,0.00005,0.00005,0.00005
AP,resid rural,coal,resid rural cooking,0.00005,0.00005,0.00005,0.00005,0.00005,0.00005,0.00005,0.00005,0.00005,0.00005,0.00005,0.00005,0.00005,0.00005,0.00005,0.00005,0.00005,0.00005,0.00005,0.00005,0.00005,0.00005,0.00005,0.00005,0.00005,0.00005,0.00005,0.00005,0.00005,0.00005,0.00005,0.00005,0.00005,0.00005,0.00005,0.00005,0.00005,0.00005,0.00005,0.00005
AR,resid rural,coal,resid rural cooking,0.00005,0.00005,0.00005,0.00005,0.00005,0.00005,0.00005,0.00005,0.00005,0.00005,0.00005,0.00005,0.00005,0.00005,0.00005,0.00005,0.00005,0.00005,0.00005,0.00005,0.00005,0.00005,0.00005,0.00005,0.00005,0.00005,0.00005,0.00005,0.00005,0.00005,0.00005,0.00005,0.00005,0.00005,0.00005,0.00005,0.00005,0.00005,0.00005,0.00005
AS,resid rural,coal,resid rural cooking,0.00005,0.00005,0.00005,0.00005,0.00005,0.00005,0.00005,0.00005,0.00005,0.00005,0.00005,0.00005,0.00005,0.00005,0.00005,0.00005,0.00005,0.00005,0.00005,0.00005,0.00005,0.00005,0.00005,0.00005,0.00005,0.00005,0.00005,0.00005,0.00005,0.00005,0.00005,0.00005,0.00005,0.00005,0.00005,0.00005,0.00005,0.00005,0.00005,0.00005
BR,resid rural,coal,resid rural cooking,0.00005,0.00005,0.00005,0.00005,0.00005,0.00005,0.00005,0.00005,0.00005,0.00005,0.00005,0.00005,0.00005,0.00005,0.00005,0.00005,0.00005,0.00005,0.00005,0.00005,0.00005,0.00005,0.00005,0.00005,0.00005,0.00005,0.00005,0.00005,0.00005,0.00005,0.00005,0.00005,0.00005,0.00005,0.00005,0.00005,0.00005,0.00005,0.00005,0.00005
CG,resid rural,coal,resid rural cooking,0.00005,0.00005,0.00005,0.00005,0.00005,0.00005,0.00005,0.00005,0.00005,0.00005,0.00005,0.00005,0.00005,0.00005,0.00005,0.00005,0.00005,0.00005,0.00005,0.00005,0.00005,0.00005,0.00005,0.00005,0.00005,0.00005,0.00005,0.00005,0.00005,0.00005,0.00005,0.00005,0.00005,0.00005,0.00005,0.00005,0.00005,0.00005,0.00005,0.00005
CH,resid rural,coal,resid rural cooking,0.00005,0.00005,0.00005,0.00005,0.00005,0.00005,0.00005,0.00005,0.00005,0.00005,0.00005,0.00005,0.00005,0.00005,0.00005,0.00005,0.00005,0.00005,0.00005,0.00005,0.00005,0.00005,0.00005,0.00005,0.00005,0.00005,0.00005,0.00005,0.00005,0.00005,0.00005,0.00005,0.00005,0.00005,0.00005,0.00005,0.00005,0.00005,0.00005,0.00005
DD,resid rural,coal,resid rural cooking,0.00005,0.00005,0.00005,0.00005,0.00005,0.00005,0.00005,0.00005,0.00005,0.00005,0.00005,0.00005,0.00005,0.00005,0.00005,0.00005,0.00005,0.00005,0.00005,0.00005,0.00005,0.00005,0.00005,0.00005,0.00005,0.00005,0.00005,0.00005,0.00005,0.00005,0.00005,0.00005,0.00005,0.00005,0.00005,0.00005,0.00005,0.00005,0.00005,0.00005
DL,resid rural,coal,resid rural cooking,0.00005,0.00005,0.00005,0.00005,0.00005,0.00005,0.00005,0.00005,0.00005,0.00005,0.00005,0.00005,0.00005,0.00005,0.00005,0.00005,0.00005,0.00005,0.00005,0.00005,0.00005,0.00005,0.00005,0.00005,0.00005,0.00005,0.00005,0.00005,0.00005,0.00005,0.00005,0.00005,0.00005,0.00005,0.00005,0.00005,0.00005,0.00005,0.00005,0.00005
DN,resid rural,coal,resid rural cooking,0.00005,0.00005,0.00005,0.00005,0.00005,0.00005,0.00005,0.00005,0.00005,0.00005,0.00005,0.00005,0.00005,0.00005,0.00005,0.00005,0.00005,0.00005,0.00005,0.00005,0.00005,0.00005,0.00005,0.00005,0.00005,0.00005,0.00005,0.00005,0.00005,0.00005,0.00005,0.00005,0.00005,0.00005,0.00005,0.00005,0.00005,0.00005,0.00005,0.00005
GA,resid rural,coal,resid rural cooking,0.00005,0.00005,0.00005,0.00005,0.00005,0.00005,0.00005,0.00005,0.00005,0.00005,0.00005,0.00005,0.00005,0.00005,0.00005,0.00005,0.00005,0.00005,0.00005,0.00005,0.00005,0.00005,0.00005,0.00005,0.00005,0.00005,0.00005,0.00005,0.00005,0.00005,0.00005,0.00005,0.00005,0.00005,0.00005,0.00005,0.00005,0.00005,0.00005,0.00005
GJ,resid rural,coal,resid rural cooking,0.00005,0.00005,0.00005,0.00005,0.00005,0.00005,0.00005,0.00005,0.00005,0.00005,0.00005,0.00005,0.00005,0.00005,0.00005,0.00005,0.00005,0.00005,0.00005,0.00005,0.00005,0.00005,0.00005,0.00005,0.00005,0.00005,0.00005,0.00005,0.00005,0.00005,0.00005,0.00005,0.00005,0.00005,0.00005,0.00005,0.00005,0.00005,0.00005,0.00005
HP,resid rural,coal,resid rural cooking,0.00005,0.00005,0.00005,0.00005,0.00005,0.00005,0.00005,0.00005,0.00005,0.00005,0.00005,0.00005,0.00005,0.00005,0.00005,0.00005,0.00005,0.00005,0.00005,0.00005,0.00005,0.00005,0.00005,0.00005,0.00005,0.00005,0.00005,0.00005,0.00005,0.00005,0.00005,0.00005,0.00005,0.00005,0.00005,0.00005,0.00005,0.00005,0.00005,0.00005
HR,resid rural,coal,resid rural cooking,0.00005,0.00005,0.00005,0.00005,0.00005,0.00005,0.00005,0.00005,0.00005,0.00005,0.00005,0.00005,0.00005,0.00005,0.00005,0.00005,0.00005,0.00005,0.00005,0.00005,0.00005,0.00005,0.00005,0.00005,0.00005,0.00005,0.00005,0.00005,0.00005,0.00005,0.00005,0.00005,0.00005,0.00005,0.00005,0.00005,0.00005,0.00005,0.00005,0.00005
JH,resid rural,coal,resid rural cooking,0.00005,0.00005,0.00005,0.00005,0.00005,0.00005,0.00005,0.00005,0.00005,0.00005,0.00005,0.00005,0.00005,0.00005,0.00005,0.00005,0.00005,0.00005,0.00005,0.00005,0.00005,0.00005,0.00005,0.00005,0.00005,0.00005,0.00005,0.00005,0.00005,0.00005,0.00005,0.00005,0.00005,0.00005,0.00005,0.00005,0.00005,0.00005,0.00005,0.00005
JK,resid rural,coal,resid rural cooking,0.00005,0.00005,0.00005,0.00005,0.00005,0.00005,0.00005,0.00005,0.00005,0.00005,0.00005,0.00005,0.00005,0.00005,0.00005,0.00005,0.00005,0.00005,0.00005,0.00005,0.00005,0.00005,0.00005,0.00005,0.00005,0.00005,0.00005,0.00005,0.00005,0.00005,0.00005,0.00005,0.00005,0.00005,0.00005,0.00005,0.00005,0.00005,0.00005,0.00005
KA,resid rural,coal,resid rural cooking,0.00005,0.00005,0.00005,0.00005,0.00005,0.00005,0.00005,0.00005,0.00005,0.00005,0.00005,0.00005,0.00005,0.00005,0.00005,0.00005,0.00005,0.00005,0.00005,0.00005,0.00005,0.00005,0.00005,0.00005,0.00005,0.00005,0.00005,0.00005,0.00005,0.00005,0.00005,0.00005,0.00005,0.00005,0.00005,0.00005,0.00005,0.00005,0.00005,0.00005
KL,resid rural,coal,resid rural cooking,0.00005,0.00005,0.00005,0.00005,0.00005,0.00005,0.00005,0.00005,0.00005,0.00005,0.00005,0.00005,0.00005,0.00005,0.00005,0.00005,0.00005,0.00005,0.00005,0.00005,0.00005,0.00005,0.00005,0.00005,0.00005,0.00005,0.00005,0.00005,0.00005,0.00005,0.00005,0.00005,0.00005,0.00005,0.00005,0.00005,0.00005,0.00005,0.00005,0.00005
LA,resid rural,coal,resid rural cooking,0.00005,0.00005,0.00005,0.00005,0.00005,0.00005,0.00005,0.00005,0.00005,0.00005,0.00005,0.00005,0.00005,0.00005,0.00005,0.00005,0.00005,0.00005,0.00005,0.00005,0.00005,0.00005,0.00005,0.00005,0.00005,0.00005,0.00005,0.00005,0.00005,0.00005,0.00005,0.00005,0.00005,0.00005,0.00005,0.00005,0.00005,0.00005,0.00005,0.00005
LD,resid rural,coal,resid rural cooking,0.00005,0.00005,0.00005,0.00005,0.00005,0.00005,0.00005,0.00005,0.00005,0.00005,0.00005,0.00005,0.00005,0.00005,0.00005,0.00005,0.00005,0.00005,0.00005,0.00005,0.00005,0.00005,0.00005,0.00005,0.00005,0.00005,0.00005,0.00005,0.00005,0.00005,0.00005,0.00005,0.00005,0.00005,0.00005,0.00005,0.00005,0.00005,0.00005,0.00005
MH,resid rural,coal,resid rural cooking,0.00005,0.00005,0.00005,0.00005,0.00005,0.00005,0.00005,0.00005,0.00005,0.00005,0.00005,0.00005,0.00005,0.00005,0.00005,0.00005,0.00005,0.00005,0.00005,0.00005,0.00005,0.00005,0.00005,0.00005,0.00005,0.00005,0.00005,0.00005,0.00005,0.00005,0.00005,0.00005,0.00005,0.00005,0.00005,0.00005,0.00005,0.00005,0.00005,0.00005
ML,resid rural,coal,resid rural cooking,0.00005,0.00005,0.00005,0.00005,0.00005,0.00005,0.00005,0.00005,0.00005,0.00005,0.00005,0.00005,0.00005,0.00005,0.00005,0.00005,0.00005,0.00005,0.00005,0.00005,0.00005,0.00005,0.00005,0.00005,0.00005,0.00005,0.00005,0.00005,0.00005,0.00005,0.00005,0.00005,0.00005,0.00005,0.00005,0.00005,0.00005,0.00005,0.00005,0.00005
MN,resid rural,coal,resid rural cooking,0.00005,0.00005,0.00005,0.00005,0.00005,0.00005,0.00005,0.00005,0.00005,0.00005,0.00005,0.00005,0.00005,0.00005,0.00005,0.00005,0.00005,0.00005,0.00005,0.00005,0.00005,0.00005,0.00005,0.00005,0.00005,0.00005,0.00005,0.00005,0.00005,0.00005,0.00005,0.00005,0.00005,0.00005,0.00005,0.00005,0.00005,0.00005,0.00005,0.00005
MP,resid rural,coal,resid rural cooking,0.00005,0.00005,0.00005,0.00005,0.00005,0.00005,0.00005,0.00005,0.00005,0.00005,0.00005,0.00005,0.00005,0.00005,0.00005,0.00005,0.00005,0.00005,0.00005,0.00005,0.00005,0.00005,0.00005,0.00005,0.00005,0.00005,0.00005,0.00005,0.00005,0.00005,0.00005,0.00005,0.00005,0.00005,0.00005,0.00005,0.00005,0.00005,0.00005,0.00005
MZ,resid rural,coal,resid rural cooking,0.00005,0.00005,0.00005,0.00005,0.00005,0.00005,0.00005,0.00005,0.00005,0.00005,0.00005,0.00005,0.00005,0.00005,0.00005,0.00005,0.00005,0.00005,0.00005,0.00005,0.00005,0.00005,0.00005,0.00005,0.00005,0.00005,0.00005,0.00005,0.00005,0.00005,0.00005,0.00005,0.00005,0.00005,0.00005,0.00005,0.00005,0.00005,0.00005,0.00005
NL,resid rural,coal,resid rural cooking,0.00005,0.00005,0.00005,0.00005,0.00005,0.00005,0.00005,0.00005,0.00005,0.00005,0.00005,0.00005,0.00005,0.00005,0.00005,0.00005,0.00005,0.00005,0.00005,0.00005,0.00005,0.00005,0.00005,0.00005,0.00005,0.00005,0.00005,0.00005,0.00005,0.00005,0.00005,0.00005,0.00005,0.00005,0.00005,0.00005,0.00005,0.00005,0.00005,0.00005
OD,resid rural,coal,resid rural cooking,0.00005,0.00005,0.00005,0.00005,0.00005,0.00005,0.00005,0.00005,0.00005,0.00005,0.00005,0.00005,0.00005,0.00005,0.00005,0.00005,0.00005,0.00005,0.00005,0.00005,0.00005,0.00005,0.00005,0.00005,0.00005,0.00005,0.00005,0.00005,0.00005,0.00005,0.00005,0.00005,0.00005,0.00005,0.00005,0.00005,0.00005,0.00005,0.00005,0.00005
PB,resid rural,coal,resid rural cooking,0.00005,0.00005,0.00005,0.00005,0.00005,0.00005,0.00005,0.00005,0.00005,0.00005,0.00005,0.00005,0.00005,0.00005,0.00005,0.00005,0.00005,0.00005,0.00005,0.00005,0.00005,0.00005,0.00005,0.00005,0.00005,0.00005,0.00005,0.00005,0.00005,0.00005,0.00005,0.00005,0.00005,0.00005,0.00005,0.00005,0.00005,0.00005,0.00005,0.00005
PC,resid rural,coal,resid rural cooking,0.00005,0.00005,0.00005,0.00005,0.00005,0.00005,0.00005,0.00005,0.00005,0.00005,0.00005,0.00005,0.00005,0.00005,0.00005,0.00005,0.00005,0.00005,0.00005,0.00005,0.00005,0.00005,0.00005,0.00005,0.00005,0.00005,0.00005,0.00005,0.00005,0.00005,0.00005,0.00005,0.00005,0.00005,0.00005,0.00005,0.00005,0.00005,0.00005,0.00005
RJ,resid rural,coal,resid rural cooking,0.00005,0.00005,0.00005,0.00005,0.00005,0.00005,0.00005,0.00005,0.00005,0.00005,0.00005,0.00005,0.00005,0.00005,0.00005,0.00005,0.00005,0.00005,0.00005,0.00005,0.00005,0.00005,0.00005,0.00005,0.00005,0.00005,0.00005,0.00005,0.00005,0.00005,0.00005,0.00005,0.00005,0.00005,0.00005,0.00005,0.00005,0.00005,0.00005,0.00005
SK,resid rural,coal,resid rural cooking,0.00005,0.00005,0.00005,0.00005,0.00005,0.00005,0.00005,0.00005,0.00005,0.00005,0.00005,0.00005,0.00005,0.00005,0.00005,0.00005,0.00005,0.00005,0.00005,0.00005,0.00005,0.00005,0.00005,0.00005,0.00005,0.00005,0.00005,0.00005,0.00005,0.00005,0.00005,0.00005,0.00005,0.00005,0.00005,0.00005,0.00005,0.00005,0.00005,0.00005
TN,resid rural,coal,resid rural cooking,0.00005,0.00005,0.00005,0.00005,0.00005,0.00005,0.00005,0.00005,0.00005,0.00005,0.00005,0.00005,0.00005,0.00005,0.00005,0.00005,0.00005,0.00005,0.00005,0.00005,0.00005,0.00005,0.00005,0.00005,0.00005,0.00005,0.00005,0.00005,0.00005,0.00005,0.00005,0.00005,0.00005,0.00005,0.00005,0.00005,0.00005,0.00005,0.00005,0.00005
TR,resid rural,coal,resid rural cooking,0.00005,0.00005,0.00005,0.00005,0.00005,0.00005,0.00005,0.00005,0.00005,0.00005,0.00005,0.00005,0.00005,0.00005,0.00005,0.00005,0.00005,0.00005,0.00005,0.00005,0.00005,0.00005,0.00005,0.00005,0.00005,0.00005,0.00005,0.00005,0.00005,0.00005,0.00005,0.00005,0.00005,0.00005,0.00005,0.00005,0.00005,0.00005,0.00005,0.00005
TS,resid rural,coal,resid rural cooking,0.00005,0.00005,0.00005,0.00005,0.00005,0.00005,0.00005,0.00005,0.00005,0.00005,0.00005,0.00005,0.00005,0.00005,0.00005,0.00005,0.00005,0.00005,0.00005,0.00005,0.00005,0.00005,0.00005,0.00005,0.00005,0.00005,0.00005,0.00005,0.00005,0.00005,0.00005,0.00005,0.00005,0.00005,0.00005,0.00005,0.00005,0.00005,0.00005,0.00005
UK,resid rural,coal,resid rural cooking,0.00005,0.00005,0.00005,0.00005,0.00005,0.00005,0.00005,0.00005,0.00005,0.00005,0.00005,0.00005,0.00005,0.00005,0.00005,0.00005,0.00005,0.00005,0.00005,0.00005,0.00005,0.00005,0.00005,0.00005,0.00005,0.00005,0.00005,0.00005,0.00005,0.00005,0.00005,0.00005,0.00005,0.00005,0.00005,0.00005,0.00005,0.00005,0.00005,0.00005
UP,resid rural,coal,resid rural cooking,0.00005,0.00005,0.00005,0.00005,0.00005,0.00005,0.00005,0.00005,0.00005,0.00005,0.00005,0.00005,0.00005,0.00005,0.00005,0.00005,0.00005,0.00005,0.00005,0.00005,0.00005,0.00005,0.00005,0.00005,0.00005,0.00005,0.00005,0.00005,0.00005,0.00005,0.00005,0.00005,0.00005,0.00005,0.00005,0.00005,0.00005,0.00005,0.00005,0.00005
WB,resid rural,coal,resid rural cooking,0.00005,0.00005,0.00005,0.00005,0.00005,0.00005,0.00005,0.00005,0.00005,0.00005,0.00005,0.00005,0.00005,0.00005,0.00005,0.00005,0.00005,0.00005,0.00005,0.00005,0.00005,0.00005,0.00005,0.00005,0.00005,0.00005,0.00005,0.00005,0.00005,0.00005,0.00005,0.00005,0.00005,0.00005,0.00005,0.00005,0.00005,0.00005,0.00005,0.00005
AN,resid urban,coal,resid urban cooking,0.00005,0.00005,0.00005,0.00005,0.00005,0.00005,0.00005,0.00005,0.00005,0.00005,0.00005,0.00005,0.00005,0.00005,0.00005,0.00005,0.00005,0.00005,0.00005,0.00005,0.00005,0.00005,0.00005,0.00005,0.00005,0.00005,0.00005,0.00005,0.00005,0.00005,0.00005,0.00005,0.00005,0.00005,0.00005,0.00005,0.00005,0.00005,0.00005,0.00005
AP,resid urban,coal,resid urban cooking,0.00005,0.00005,0.00005,0.00005,0.00005,0.00005,0.00005,0.00005,0.00005,0.00005,0.00005,0.00005,0.00005,0.00005,0.00005,0.00005,0.00005,0.00005,0.00005,0.00005,0.00005,0.00005,0.00005,0.00005,0.00005,0.00005,0.00005,0.00005,0.00005,0.00005,0.00005,0.00005,0.00005,0.00005,0.00005,0.00005,0.00005,0.00005,0.00005,0.00005
AR,resid urban,coal,resid urban cooking,0.00005,0.00005,0.00005,0.00005,0.00005,0.00005,0.00005,0.00005,0.00005,0.00005,0.00005,0.00005,0.00005,0.00005,0.00005,0.00005,0.00005,0.00005,0.00005,0.00005,0.00005,0.00005,0.00005,0.00005,0.00005,0.00005,0.00005,0.00005,0.00005,0.00005,0.00005,0.00005,0.00005,0.00005,0.00005,0.00005,0.00005,0.00005,0.00005,0.00005
AS,resid urban,coal,resid urban cooking,0.00005,0.00005,0.00005,0.00005,0.00005,0.00005,0.00005,0.00005,0.00005,0.00005,0.00005,0.00005,0.00005,0.00005,0.00005,0.00005,0.00005,0.00005,0.00005,0.00005,0.00005,0.00005,0.00005,0.00005,0.00005,0.00005,0.00005,0.00005,0.00005,0.00005,0.00005,0.00005,0.00005,0.00005,0.00005,0.00005,0.00005,0.00005,0.00005,0.00005
BR,resid urban,coal,resid urban cooking,0.00005,0.00005,0.00005,0.00005,0.00005,0.00005,0.00005,0.00005,0.00005,0.00005,0.00005,0.00005,0.00005,0.00005,0.00005,0.00005,0.00005,0.00005,0.00005,0.00005,0.00005,0.00005,0.00005,0.00005,0.00005,0.00005,0.00005,0.00005,0.00005,0.00005,0.00005,0.00005,0.00005,0.00005,0.00005,0.00005,0.00005,0.00005,0.00005,0.00005
CG,resid urban,coal,resid urban cooking,0.00005,0.00005,0.00005,0.00005,0.00005,0.00005,0.00005,0.00005,0.00005,0.00005,0.00005,0.00005,0.00005,0.00005,0.00005,0.00005,0.00005,0.00005,0.00005,0.00005,0.00005,0.00005,0.00005,0.00005,0.00005,0.00005,0.00005,0.00005,0.00005,0.00005,0.00005,0.00005,0.00005,0.00005,0.00005,0.00005,0.00005,0.00005,0.00005,0.00005
CH,resid urban,coal,resid urban cooking,0.00005,0.00005,0.00005,0.00005,0.00005,0.00005,0.00005,0.00005,0.00005,0.00005,0.00005,0.00005,0.00005,0.00005,0.00005,0.00005,0.00005,0.00005,0.00005,0.00005,0.00005,0.00005,0.00005,0.00005,0.00005,0.00005,0.00005,0.00005,0.00005,0.00005,0.00005,0.00005,0.00005,0.00005,0.00005,0.00005,0.00005,0.00005,0.00005,0.00005
DD,resid urban,coal,resid urban cooking,0.00005,0.00005,0.00005,0.00005,0.00005,0.00005,0.00005,0.00005,0.00005,0.00005,0.00005,0.00005,0.00005,0.00005,0.00005,0.00005,0.00005,0.00005,0.00005,0.00005,0.00005,0.00005,0.00005,0.00005,0.00005,0.00005,0.00005,0.00005,0.00005,0.00005,0.00005,0.00005,0.00005,0.00005,0.00005,0.00005,0.00005,0.00005,0.00005,0.00005
DL,resid urban,coal,resid urban cooking,0.00005,0.00005,0.00005,0.00005,0.00005,0.00005,0.00005,0.00005,0.00005,0.00005,0.00005,0.00005,0.00005,0.00005,0.00005,0.00005,0.00005,0.00005,0.00005,0.00005,0.00005,0.00005,0.00005,0.00005,0.00005,0.00005,0.00005,0.00005,0.00005,0.00005,0.00005,0.00005,0.00005,0.00005,0.00005,0.00005,0.00005,0.00005,0.00005,0.00005
DN,resid urban,coal,resid urban cooking,0.00005,0.00005,0.00005,0.00005,0.00005,0.00005,0.00005,0.00005,0.00005,0.00005,0.00005,0.00005,0.00005,0.00005,0.00005,0.00005,0.00005,0.00005,0.00005,0.00005,0.00005,0.00005,0.00005,0.00005,0.00005,0.00005,0.00005,0.00005,0.00005,0.00005,0.00005,0.00005,0.00005,0.00005,0.00005,0.00005,0.00005,0.00005,0.00005,0.00005
GA,resid urban,coal,resid urban cooking,0.00005,0.00005,0.00005,0.00005,0.00005,0.00005,0.00005,0.00005,0.00005,0.00005,0.00005,0.00005,0.00005,0.00005,0.00005,0.00005,0.00005,0.00005,0.00005,0.00005,0.00005,0.00005,0.00005,0.00005,0.00005,0.00005,0.00005,0.00005,0.00005,0.00005,0.00005,0.00005,0.00005,0.00005,0.00005,0.00005,0.00005,0.00005,0.00005,0.00005
GJ,resid urban,coal,resid urban cooking,0.00005,0.00005,0.00005,0.00005,0.00005,0.00005,0.00005,0.00005,0.00005,0.00005,0.00005,0.00005,0.00005,0.00005,0.00005,0.00005,0.00005,0.00005,0.00005,0.00005,0.00005,0.00005,0.00005,0.00005,0.00005,0.00005,0.00005,0.00005,0.00005,0.00005,0.00005,0.00005,0.00005,0.00005,0.00005,0.00005,0.00005,0.00005,0.00005,0.00005
HP,resid urban,coal,resid urban cooking,0.00005,0.00005,0.00005,0.00005,0.00005,0.00005,0.00005,0.00005,0.00005,0.00005,0.00005,0.00005,0.00005,0.00005,0.00005,0.00005,0.00005,0.00005,0.00005,0.00005,0.00005,0.00005,0.00005,0.00005,0.00005,0.00005,0.00005,0.00005,0.00005,0.00005,0.00005,0.00005,0.00005,0.00005,0.00005,0.00005,0.00005,0.00005,0.00005,0.00005
HR,resid urban,coal,resid urban cooking,0.00005,0.00005,0.00005,0.00005,0.00005,0.00005,0.00005,0.00005,0.00005,0.00005,0.00005,0.00005,0.00005,0.00005,0.00005,0.00005,0.00005,0.00005,0.00005,0.00005,0.00005,0.00005,0.00005,0.00005,0.00005,0.00005,0.00005,0.00005,0.00005,0.00005,0.00005,0.00005,0.00005,0.00005,0.00005,0.00005,0.00005,0.00005,0.00005,0.00005
JH,resid urban,coal,resid urban cooking,0.00005,0.00005,0.00005,0.00005,0.00005,0.00005,0.00005,0.00005,0.00005,0.00005,0.00005,0.00005,0.00005,0.00005,0.00005,0.00005,0.00005,0.00005,0.00005,0.00005,0.00005,0.00005,0.00005,0.00005,0.00005,0.00005,0.00005,0.00005,0.00005,0.00005,0.00005,0.00005,0.00005,0.00005,0.00005,0.00005,0.00005,0.00005,0.00005,0.00005
JK,resid urban,coal,resid urban cooking,0.00005,0.00005,0.00005,0.00005,0.00005,0.00005,0.00005,0.00005,0.00005,0.00005,0.00005,0.00005,0.00005,0.00005,0.00005,0.00005,0.00005,0.00005,0.00005,0.00005,0.00005,0.00005,0.00005,0.00005,0.00005,0.00005,0.00005,0.00005,0.00005,0.00005,0.00005,0.00005,0.00005,0.00005,0.00005,0.00005,0.00005,0.00005,0.00005,0.00005
KA,resid urban,coal,resid urban cooking,0.00005,0.00005,0.00005,0.00005,0.00005,0.00005,0.00005,0.00005,0.00005,0.00005,0.00005,0.00005,0.00005,0.00005,0.00005,0.00005,0.00005,0.00005,0.00005,0.00005,0.00005,0.00005,0.00005,0.00005,0.00005,0.00005,0.00005,0.00005,0.00005,0.00005,0.00005,0.00005,0.00005,0.00005,0.00005,0.00005,0.00005,0.00005,0.00005,0.00005
KL,resid urban,coal,resid urban cooking,0.00005,0.00005,0.00005,0.00005,0.00005,0.00005,0.00005,0.00005,0.00005,0.00005,0.00005,0.00005,0.00005,0.00005,0.00005,0.00005,0.00005,0.00005,0.00005,0.00005,0.00005,0.00005,0.00005,0.00005,0.00005,0.00005,0.00005,0.00005,0.00005,0.00005,0.00005,0.00005,0.00005,0.00005,0.00005,0.00005,0.00005,0.00005,0.00005,0.00005
LA,resid urban,coal,resid urban cooking,0.00005,0.00005,0.00005,0.00005,0.00005,0.00005,0.00005,0.00005,0.00005,0.00005,0.00005,0.00005,0.00005,0.00005,0.00005,0.00005,0.00005,0.00005,0.00005,0.00005,0.00005,0.00005,0.00005,0.00005,0.00005,0.00005,0.00005,0.00005,0.00005,0.00005,0.00005,0.00005,0.00005,0.00005,0.00005,0.00005,0.00005,0.00005,0.00005,0.00005
LD,resid urban,coal,resid urban cooking,0.00005,0.00005,0.00005,0.00005,0.00005,0.00005,0.00005,0.00005,0.00005,0.00005,0.00005,0.00005,0.00005,0.00005,0.00005,0.00005,0.00005,0.00005,0.00005,0.00005,0.00005,0.00005,0.00005,0.00005,0.00005,0.00005,0.00005,0.00005,0.00005,0.00005,0.00005,0.00005,0.00005,0.00005,0.00005,0.00005,0.00005,0.00005,0.00005,0.00005
MH,resid urban,coal,resid urban cooking,0.00005,0.00005,0.00005,0.00005,0.00005,0.00005,0.00005,0.00005,0.00005,0.00005,0.00005,0.00005,0.00005,0.00005,0.00005,0.00005,0.00005,0.00005,0.00005,0.00005,0.00005,0.00005,0.00005,0.00005,0.00005,0.00005,0.00005,0.00005,0.00005,0.00005,0.00005,0.00005,0.00005,0.00005,0.00005,0.00005,0.00005,0.00005,0.00005,0.00005
ML,resid urban,coal,resid urban cooking,0.00005,0.00005,0.00005,0.00005,0.00005,0.00005,0.00005,0.00005,0.00005,0.00005,0.00005,0.00005,0.00005,0.00005,0.00005,0.00005,0.00005,0.00005,0.00005,0.00005,0.00005,0.00005,0.00005,0.00005,0.00005,0.00005,0.00005,0.00005,0.00005,0.00005,0.00005,0.00005,0.00005,0.00005,0.00005,0.00005,0.00005,0.00005,0.00005,0.00005
MN,resid urban,coal,resid urban cooking,0.00005,0.00005,0.00005,0.00005,0.00005,0.00005,0.00005,0.00005,0.00005,0.00005,0.00005,0.00005,0.00005,0.00005,0.00005,0.00005,0.00005,0.00005,0.00005,0.00005,0.00005,0.00005,0.00005,0.00005,0.00005,0.00005,0.00005,0.00005,0.00005,0.00005,0.00005,0.00005,0.00005,0.00005,0.00005,0.00005,0.00005,0.00005,0.00005,0.00005
MP,resid urban,coal,resid urban cooking,0.00005,0.00005,0.00005,0.00005,0.00005,0.00005,0.00005,0.00005,0.00005,0.00005,0.00005,0.00005,0.00005,0.00005,0.00005,0.00005,0.00005,0.00005,0.00005,0.00005,0.00005,0.00005,0.00005,0.00005,0.00005,0.00005,0.00005,0.00005,0.00005,0.00005,0.00005,0.00005,0.00005,0.00005,0.00005,0.00005,0.00005,0.00005,0.00005,0.00005
MZ,resid urban,coal,resid urban cooking,0.00005,0.00005,0.00005,0.00005,0.00005,0.00005,0.00005,0.00005,0.00005,0.00005,0.00005,0.00005,0.00005,0.00005,0.00005,0.00005,0.00005,0.00005,0.00005,0.00005,0.00005,0.00005,0.00005,0.00005,0.00005,0.00005,0.00005,0.00005,0.00005,0.00005,0.00005,0.00005,0.00005,0.00005,0.00005,0.00005,0.00005,0.00005,0.00005,0.00005
NL,resid urban,coal,resid urban cooking,0.00005,0.00005,0.00005,0.00005,0.00005,0.00005,0.00005,0.00005,0.00005,0.00005,0.00005,0.00005,0.00005,0.00005,0.00005,0.00005,0.00005,0.00005,0.00005,0.00005,0.00005,0.00005,0.00005,0.00005,0.00005,0.00005,0.00005,0.00005,0.00005,0.00005,0.00005,0.00005,0.00005,0.00005,0.00005,0.00005,0.00005,0.00005,0.00005,0.00005
OD,resid urban,coal,resid urban cooking,0.00005,0.00005,0.00005,0.00005,0.00005,0.00005,0.00005,0.00005,0.00005,0.00005,0.00005,0.00005,0.00005,0.00005,0.00005,0.00005,0.00005,0.00005,0.00005,0.00005,0.00005,0.00005,0.00005,0.00005,0.00005,0.00005,0.00005,0.00005,0.00005,0.00005,0.00005,0.00005,0.00005,0.00005,0.00005,0.00005,0.00005,0.00005,0.00005,0.00005
PB,resid urban,coal,resid urban cooking,0.00005,0.00005,0.00005,0.00005,0.00005,0.00005,0.00005,0.00005,0.00005,0.00005,0.00005,0.00005,0.00005,0.00005,0.00005,0.00005,0.00005,0.00005,0.00005,0.00005,0.00005,0.00005,0.00005,0.00005,0.00005,0.00005,0.00005,0.00005,0.00005,0.00005,0.00005,0.00005,0.00005,0.00005,0.00005,0.00005,0.00005,0.00005,0.00005,0.00005
PC,resid urban,coal,resid urban cooking,0.00005,0.00005,0.00005,0.00005,0.00005,0.00005,0.00005,0.00005,0.00005,0.00005,0.00005,0.00005,0.00005,0.00005,0.00005,0.00005,0.00005,0.00005,0.00005,0.00005,0.00005,0.00005,0.00005,0.00005,0.00005,0.00005,0.00005,0.00005,0.00005,0.00005,0.00005,0.00005,0.00005,0.00005,0.00005,0.00005,0.00005,0.00005,0.00005,0.00005
RJ,resid urban,coal,resid urban cooking,0.00005,0.00005,0.00005,0.00005,0.00005,0.00005,0.00005,0.00005,0.00005,0.00005,0.00005,0.00005,0.00005,0.00005,0.00005,0.00005,0.00005,0.00005,0.00005,0.00005,0.00005,0.00005,0.00005,0.00005,0.00005,0.00005,0.00005,0.00005,0.00005,0.00005,0.00005,0.00005,0.00005,0.00005,0.00005,0.00005,0.00005,0.00005,0.00005,0.00005
SK,resid urban,coal,resid urban cooking,0.00005,0.00005,0.00005,0.00005,0.00005,0.00005,0.00005,0.00005,0.00005,0.00005,0.00005,0.00005,0.00005,0.00005,0.00005,0.00005,0.00005,0.00005,0.00005,0.00005,0.00005,0.00005,0.00005,0.00005,0.00005,0.00005,0.00005,0.00005,0.00005,0.00005,0.00005,0.00005,0.00005,0.00005,0.00005,0.00005,0.00005,0.00005,0.00005,0.00005
TN,resid urban,coal,resid urban cooking,0.00005,0.00005,0.00005,0.00005,0.00005,0.00005,0.00005,0.00005,0.00005,0.00005,0.00005,0.00005,0.00005,0.00005,0.00005,0.00005,0.00005,0.00005,0.00005,0.00005,0.00005,0.00005,0.00005,0.00005,0.00005,0.00005,0.00005,0.00005,0.00005,0.00005,0.00005,0.00005,0.00005,0.00005,0.00005,0.00005,0.00005,0.00005,0.00005,0.00005
TR,resid urban,coal,resid urban cooking,0.00005,0.00005,0.00005,0.00005,0.00005,0.00005,0.00005,0.00005,0.00005,0.00005,0.00005,0.00005,0.00005,0.00005,0.00005,0.00005,0.00005,0.00005,0.00005,0.00005,0.00005,0.00005,0.00005,0.00005,0.00005,0.00005,0.00005,0.00005,0.00005,0.00005,0.00005,0.00005,0.00005,0.00005,0.00005,0.00005,0.00005,0.00005,0.00005,0.00005
TS,resid urban,coal,resid urban cooking,0.00005,0.00005,0.00005,0.00005,0.00005,0.00005,0.00005,0.00005,0.00005,0.00005,0.00005,0.00005,0.00005,0.00005,0.00005,0.00005,0.00005,0.00005,0.00005,0.00005,0.00005,0.00005,0.00005,0.00005,0.00005,0.00005,0.00005,0.00005,0.00005,0.00005,0.00005,0.00005,0.00005,0.00005,0.00005,0.00005,0.00005,0.00005,0.00005,0.00005
UK,resid urban,coal,resid urban cooking,0.00005,0.00005,0.00005,0.00005,0.00005,0.00005,0.00005,0.00005,0.00005,0.00005,0.00005,0.00005,0.00005,0.00005,0.00005,0.00005,0.00005,0.00005,0.00005,0.00005,0.00005,0.00005,0.00005,0.00005,0.00005,0.00005,0.00005,0.00005,0.00005,0.00005,0.00005,0.00005,0.00005,0.00005,0.00005,0.00005,0.00005,0.00005,0.00005,0.00005
UP,resid urban,coal,resid urban cooking,0.00005,0.00005,0.00005,0.00005,0.00005,0.00005,0.00005,0.00005,0.00005,0.00005,0.00005,0.00005,0.00005,0.00005,0.00005,0.00005,0.00005,0.00005,0.00005,0.00005,0.00005,0.00005,0.00005,0.00005,0.00005,0.00005,0.00005,0.00005,0.00005,0.00005,0.00005,0.00005,0.00005,0.00005,0.00005,0.00005,0.00005,0.00005,0.00005,0.00005
WB,resid urban,coal,resid urban cooking,0.00005,0.00005,0.00005,0.00005,0.00005,0.00005,0.00005,0.00005,0.00005,0.00005,0.00005,0.00005,0.00005,0.00005,0.00005,0.00005,0.00005,0.00005,0.00005,0.00005,0.00005,0.00005,0.00005,0.00005,0.00005,0.00005,0.00005,0.00005,0.00005,0.00005,0.00005,0.00005,0.00005,0.00005,0.00005,0.00005,0.00005,0.00005,0.00005,0.00005
AN,resid rural,biomass,resid rural cooking,0.00005,0.00005,0.00005,0.00005,0.00005,0.00005,0.00005,0.00005,0.00005,0.00005,0.00005,0.00005,0.00005,0.00005,0.00005,0.00005,0.00005,0.00005,0.00005,0.00005,0.00005,0.00005,0.00005,0.00005,0.00005,0.00005,0.00005,0.00005,0.00005,0.00005,0.00005,0.00005,0.00005,0.00005,0.00005,0.00005,0.00005,0.00005,0.00005,0.00005
AP,resid rural,biomass,resid rural cooking,0.00005,0.00005,0.00005,0.00005,0.00005,0.00005,0.00005,0.00005,0.00005,0.00005,0.00005,0.00005,0.00005,0.00005,0.00005,0.00005,0.00005,0.00005,0.00005,0.00005,0.00005,0.00005,0.00005,0.00005,0.00005,0.00005,0.00005,0.00005,0.00005,0.00005,0.00005,0.00005,0.00005,0.00005,0.00005,0.00005,0.00005,0.00005,0.00005,0.00005
AR,resid rural,biomass,resid rural cooking,0.00005,0.00005,0.00005,0.00005,0.00005,0.00005,0.00005,0.00005,0.00005,0.00005,0.00005,0.00005,0.00005,0.00005,0.00005,0.00005,0.00005,0.00005,0.00005,0.00005,0.00005,0.00005,0.00005,0.00005,0.00005,0.00005,0.00005,0.00005,0.00005,0.00005,0.00005,0.00005,0.00005,0.00005,0.00005,0.00005,0.00005,0.00005,0.00005,0.00005
AS,resid rural,biomass,resid rural cooking,0.00005,0.00005,0.00005,0.00005,0.00005,0.00005,0.00005,0.00005,0.00005,0.00005,0.00005,0.00005,0.00005,0.00005,0.00005,0.00005,0.00005,0.00005,0.00005,0.00005,0.00005,0.00005,0.00005,0.00005,0.00005,0.00005,0.00005,0.00005,0.00005,0.00005,0.00005,0.00005,0.00005,0.00005,0.00005,0.00005,0.00005,0.00005,0.00005,0.00005
BR,resid rural,biomass,resid rural cooking,0.00005,0.00005,0.00005,0.00005,0.00005,0.00005,0.00005,0.00005,0.00005,0.00005,0.00005,0.00005,0.00005,0.00005,0.00005,0.00005,0.00005,0.00005,0.00005,0.00005,0.00005,0.00005,0.00005,0.00005,0.00005,0.00005,0.00005,0.00005,0.00005,0.00005,0.00005,0.00005,0.00005,0.00005,0.00005,0.00005,0.00005,0.00005,0.00005,0.00005
CG,resid rural,biomass,resid rural cooking,0.00005,0.00005,0.00005,0.00005,0.00005,0.00005,0.00005,0.00005,0.00005,0.00005,0.00005,0.00005,0.00005,0.00005,0.00005,0.00005,0.00005,0.00005,0.00005,0.00005,0.00005,0.00005,0.00005,0.00005,0.00005,0.00005,0.00005,0.00005,0.00005,0.00005,0.00005,0.00005,0.00005,0.00005,0.00005,0.00005,0.00005,0.00005,0.00005,0.00005
CH,resid rural,biomass,resid rural cooking,0.00005,0.00005,0.00005,0.00005,0.00005,0.00005,0.00005,0.00005,0.00005,0.00005,0.00005,0.00005,0.00005,0.00005,0.00005,0.00005,0.00005,0.00005,0.00005,0.00005,0.00005,0.00005,0.00005,0.00005,0.00005,0.00005,0.00005,0.00005,0.00005,0.00005,0.00005,0.00005,0.00005,0.00005,0.00005,0.00005,0.00005,0.00005,0.00005,0.00005
DD,resid rural,biomass,resid rural cooking,0.00005,0.00005,0.00005,0.00005,0.00005,0.00005,0.00005,0.00005,0.00005,0.00005,0.00005,0.00005,0.00005,0.00005,0.00005,0.00005,0.00005,0.00005,0.00005,0.00005,0.00005,0.00005,0.00005,0.00005,0.00005,0.00005,0.00005,0.00005,0.00005,0.00005,0.00005,0.00005,0.00005,0.00005,0.00005,0.00005,0.00005,0.00005,0.00005,0.00005
DL,resid rural,biomass,resid rural cooking,0.00005,0.00005,0.00005,0.00005,0.00005,0.00005,0.00005,0.00005,0.00005,0.00005,0.00005,0.00005,0.00005,0.00005,0.00005,0.00005,0.00005,0.00005,0.00005,0.00005,0.00005,0.00005,0.00005,0.00005,0.00005,0.00005,0.00005,0.00005,0.00005,0.00005,0.00005,0.00005,0.00005,0.00005,0.00005,0.00005,0.00005,0.00005,0.00005,0.00005
DN,resid rural,biomass,resid rural cooking,0.00005,0.00005,0.00005,0.00005,0.00005,0.00005,0.00005,0.00005,0.00005,0.00005,0.00005,0.00005,0.00005,0.00005,0.00005,0.00005,0.00005,0.00005,0.00005,0.00005,0.00005,0.00005,0.00005,0.00005,0.00005,0.00005,0.00005,0.00005,0.00005,0.00005,0.00005,0.00005,0.00005,0.00005,0.00005,0.00005,0.00005,0.00005,0.00005,0.00005
GA,resid rural,biomass,resid rural cooking,0.00005,0.00005,0.00005,0.00005,0.00005,0.00005,0.00005,0.00005,0.00005,0.00005,0.00005,0.00005,0.00005,0.00005,0.00005,0.00005,0.00005,0.00005,0.00005,0.00005,0.00005,0.00005,0.00005,0.00005,0.00005,0.00005,0.00005,0.00005,0.00005,0.00005,0.00005,0.00005,0.00005,0.00005,0.00005,0.00005,0.00005,0.00005,0.00005,0.00005
GJ,resid rural,biomass,resid rural cooking,0.00005,0.00005,0.00005,0.00005,0.00005,0.00005,0.00005,0.00005,0.00005,0.00005,0.00005,0.00005,0.00005,0.00005,0.00005,0.00005,0.00005,0.00005,0.00005,0.00005,0.00005,0.00005,0.00005,0.00005,0.00005,0.00005,0.00005,0.00005,0.00005,0.00005,0.00005,0.00005,0.00005,0.00005,0.00005,0.00005,0.00005,0.00005,0.00005,0.00005
HP,resid rural,biomass,resid rural cooking,0.00005,0.00005,0.00005,0.00005,0.00005,0.00005,0.00005,0.00005,0.00005,0.00005,0.00005,0.00005,0.00005,0.00005,0.00005,0.00005,0.00005,0.00005,0.00005,0.00005,0.00005,0.00005,0.00005,0.00005,0.00005,0.00005,0.00005,0.00005,0.00005,0.00005,0.00005,0.00005,0.00005,0.00005,0.00005,0.00005,0.00005,0.00005,0.00005,0.00005
HR,resid rural,biomass,resid rural cooking,0.00005,0.00005,0.00005,0.00005,0.00005,0.00005,0.00005,0.00005,0.00005,0.00005,0.00005,0.00005,0.00005,0.00005,0.00005,0.00005,0.00005,0.00005,0.00005,0.00005,0.00005,0.00005,0.00005,0.00005,0.00005,0.00005,0.00005,0.00005,0.00005,0.00005,0.00005,0.00005,0.00005,0.00005,0.00005,0.00005,0.00005,0.00005,0.00005,0.00005
JH,resid rural,biomass,resid rural cooking,0.00005,0.00005,0.00005,0.00005,0.00005,0.00005,0.00005,0.00005,0.00005,0.00005,0.00005,0.00005,0.00005,0.00005,0.00005,0.00005,0.00005,0.00005,0.00005,0.00005,0.00005,0.00005,0.00005,0.00005,0.00005,0.00005,0.00005,0.00005,0.00005,0.00005,0.00005,0.00005,0.00005,0.00005,0.00005,0.00005,0.00005,0.00005,0.00005,0.00005
JK,resid rural,biomass,resid rural cooking,0.00005,0.00005,0.00005,0.00005,0.00005,0.00005,0.00005,0.00005,0.00005,0.00005,0.00005,0.00005,0.00005,0.00005,0.00005,0.00005,0.00005,0.00005,0.00005,0.00005,0.00005,0.00005,0.00005,0.00005,0.00005,0.00005,0.00005,0.00005,0.00005,0.00005,0.00005,0.00005,0.00005,0.00005,0.00005,0.00005,0.00005,0.00005,0.00005,0.00005
KA,resid rural,biomass,resid rural cooking,0.00005,0.00005,0.00005,0.00005,0.00005,0.00005,0.00005,0.00005,0.00005,0.00005,0.00005,0.00005,0.00005,0.00005,0.00005,0.00005,0.00005,0.00005,0.00005,0.00005,0.00005,0.00005,0.00005,0.00005,0.00005,0.00005,0.00005,0.00005,0.00005,0.00005,0.00005,0.00005,0.00005,0.00005,0.00005,0.00005,0.00005,0.00005,0.00005,0.00005
KL,resid rural,biomass,resid rural cooking,0.00005,0.00005,0.00005,0.00005,0.00005,0.00005,0.00005,0.00005,0.00005,0.00005,0.00005,0.00005,0.00005,0.00005,0.00005,0.00005,0.00005,0.00005,0.00005,0.00005,0.00005,0.00005,0.00005,0.00005,0.00005,0.00005,0.00005,0.00005,0.00005,0.00005,0.00005,0.00005,0.00005,0.00005,0.00005,0.00005,0.00005,0.00005,0.00005,0.00005
LA,resid rural,biomass,resid rural cooking,0.00005,0.00005,0.00005,0.00005,0.00005,0.00005,0.00005,0.00005,0.00005,0.00005,0.00005,0.00005,0.00005,0.00005,0.00005,0.00005,0.00005,0.00005,0.00005,0.00005,0.00005,0.00005,0.00005,0.00005,0.00005,0.00005,0.00005,0.00005,0.00005,0.00005,0.00005,0.00005,0.00005,0.00005,0.00005,0.00005,0.00005,0.00005,0.00005,0.00005
LD,resid rural,biomass,resid rural cooking,0.00005,0.00005,0.00005,0.00005,0.00005,0.00005,0.00005,0.00005,0.00005,0.00005,0.00005,0.00005,0.00005,0.00005,0.00005,0.00005,0.00005,0.00005,0.00005,0.00005,0.00005,0.00005,0.00005,0.00005,0.00005,0.00005,0.00005,0.00005,0.00005,0.00005,0.00005,0.00005,0.00005,0.00005,0.00005,0.00005,0.00005,0.00005,0.00005,0.00005
MH,resid rural,biomass,resid rural cooking,0.00005,0.00005,0.00005,0.00005,0.00005,0.00005,0.00005,0.00005,0.00005,0.00005,0.00005,0.00005,0.00005,0.00005,0.00005,0.00005,0.00005,0.00005,0.00005,0.00005,0.00005,0.00005,0.00005,0.00005,0.00005,0.00005,0.00005,0.00005,0.00005,0.00005,0.00005,0.00005,0.00005,0.00005,0.00005,0.00005,0.00005,0.00005,0.00005,0.00005
ML,resid rural,biomass,resid rural cooking,0.00005,0.00005,0.00005,0.00005,0.00005,0.00005,0.00005,0.00005,0.00005,0.00005,0.00005,0.00005,0.00005,0.00005,0.00005,0.00005,0.00005,0.00005,0.00005,0.00005,0.00005,0.00005,0.00005,0.00005,0.00005,0.00005,0.00005,0.00005,0.00005,0.00005,0.00005,0.00005,0.00005,0.00005,0.00005,0.00005,0.00005,0.00005,0.00005,0.00005
MN,resid rural,biomass,resid rural cooking,0.00005,0.00005,0.00005,0.00005,0.00005,0.00005,0.00005,0.00005,0.00005,0.00005,0.00005,0.00005,0.00005,0.00005,0.00005,0.00005,0.00005,0.00005,0.00005,0.00005,0.00005,0.00005,0.00005,0.00005,0.00005,0.00005,0.00005,0.00005,0.00005,0.00005,0.00005,0.00005,0.00005,0.00005,0.00005,0.00005,0.00005,0.00005,0.00005,0.00005
MP,resid rural,biomass,resid rural cooking,0.00005,0.00005,0.00005,0.00005,0.00005,0.00005,0.00005,0.00005,0.00005,0.00005,0.00005,0.00005,0.00005,0.00005,0.00005,0.00005,0.00005,0.00005,0.00005,0.00005,0.00005,0.00005,0.00005,0.00005,0.00005,0.00005,0.00005,0.00005,0.00005,0.00005,0.00005,0.00005,0.00005,0.00005,0.00005,0.00005,0.00005,0.00005,0.00005,0.00005
MZ,resid rural,biomass,resid rural cooking,0.00005,0.00005,0.00005,0.00005,0.00005,0.00005,0.00005,0.00005,0.00005,0.00005,0.00005,0.00005,0.00005,0.00005,0.00005,0.00005,0.00005,0.00005,0.00005,0.00005,0.00005,0.00005,0.00005,0.00005,0.00005,0.00005,0.00005,0.00005,0.00005,0.00005,0.00005,0.00005,0.00005,0.00005,0.00005,0.00005,0.00005,0.00005,0.00005,0.00005
NL,resid rural,biomass,resid rural cooking,0.00005,0.00005,0.00005,0.00005,0.00005,0.00005,0.00005,0.00005,0.00005,0.00005,0.00005,0.00005,0.00005,0.00005,0.00005,0.00005,0.00005,0.00005,0.00005,0.00005,0.00005,0.00005,0.00005,0.00005,0.00005,0.00005,0.00005,0.00005,0.00005,0.00005,0.00005,0.00005,0.00005,0.00005,0.00005,0.00005,0.00005,0.00005,0.00005,0.00005
OD,resid rural,biomass,resid rural cooking,0.00005,0.00005,0.00005,0.00005,0.00005,0.00005,0.00005,0.00005,0.00005,0.00005,0.00005,0.00005,0.00005,0.00005,0.00005,0.00005,0.00005,0.00005,0.00005,0.00005,0.00005,0.00005,0.00005,0.00005,0.00005,0.00005,0.00005,0.00005,0.00005,0.00005,0.00005,0.00005,0.00005,0.00005,0.00005,0.00005,0.00005,0.00005,0.00005,0.00005
PB,resid rural,biomass,resid rural cooking,0.00005,0.00005,0.00005,0.00005,0.00005,0.00005,0.00005,0.00005,0.00005,0.00005,0.00005,0.00005,0.00005,0.00005,0.00005,0.00005,0.00005,0.00005,0.00005,0.00005,0.00005,0.00005,0.00005,0.00005,0.00005,0.00005,0.00005,0.00005,0.00005,0.00005,0.00005,0.00005,0.00005,0.00005,0.00005,0.00005,0.00005,0.00005,0.00005,0.00005
PC,resid rural,biomass,resid rural cooking,0.00005,0.00005,0.00005,0.00005,0.00005,0.00005,0.00005,0.00005,0.00005,0.00005,0.00005,0.00005,0.00005,0.00005,0.00005,0.00005,0.00005,0.00005,0.00005,0.00005,0.00005,0.00005,0.00005,0.00005,0.00005,0.00005,0.00005,0.00005,0.00005,0.00005,0.00005,0.00005,0.00005,0.00005,0.00005,0.00005,0.00005,0.00005,0.00005,0.00005
RJ,resid rural,biomass,resid rural cooking,0.00005,0.00005,0.00005,0.00005,0.00005,0.00005,0.00005,0.00005,0.00005,0.00005,0.00005,0.00005,0.00005,0.00005,0.00005,0.00005,0.00005,0.00005,0.00005,0.00005,0.00005,0.00005,0.00005,0.00005,0.00005,0.00005,0.00005,0.00005,0.00005,0.00005,0.00005,0.00005,0.00005,0.00005,0.00005,0.00005,0.00005,0.00005,0.00005,0.00005
SK,resid rural,biomass,resid rural cooking,0.00005,0.00005,0.00005,0.00005,0.00005,0.00005,0.00005,0.00005,0.00005,0.00005,0.00005,0.00005,0.00005,0.00005,0.00005,0.00005,0.00005,0.00005,0.00005,0.00005,0.00005,0.00005,0.00005,0.00005,0.00005,0.00005,0.00005,0.00005,0.00005,0.00005,0.00005,0.00005,0.00005,0.00005,0.00005,0.00005,0.00005,0.00005,0.00005,0.00005
TN,resid rural,biomass,resid rural cooking,0.00005,0.00005,0.00005,0.00005,0.00005,0.00005,0.00005,0.00005,0.00005,0.00005,0.00005,0.00005,0.00005,0.00005,0.00005,0.00005,0.00005,0.00005,0.00005,0.00005,0.00005,0.00005,0.00005,0.00005,0.00005,0.00005,0.00005,0.00005,0.00005,0.00005,0.00005,0.00005,0.00005,0.00005,0.00005,0.00005,0.00005,0.00005,0.00005,0.00005
TR,resid rural,biomass,resid rural cooking,0.00005,0.00005,0.00005,0.00005,0.00005,0.00005,0.00005,0.00005,0.00005,0.00005,0.00005,0.00005,0.00005,0.00005,0.00005,0.00005,0.00005,0.00005,0.00005,0.00005,0.00005,0.00005,0.00005,0.00005,0.00005,0.00005,0.00005,0.00005,0.00005,0.00005,0.00005,0.00005,0.00005,0.00005,0.00005,0.00005,0.00005,0.00005,0.00005,0.00005
TS,resid rural,biomass,resid rural cooking,0.00005,0.00005,0.00005,0.00005,0.00005,0.00005,0.00005,0.00005,0.00005,0.00005,0.00005,0.00005,0.00005,0.00005,0.00005,0.00005,0.00005,0.00005,0.00005,0.00005,0.00005,0.00005,0.00005,0.00005,0.00005,0.00005,0.00005,0.00005,0.00005,0.00005,0.00005,0.00005,0.00005,0.00005,0.00005,0.00005,0.00005,0.00005,0.00005,0.00005
UK,resid rural,biomass,resid rural cooking,0.00005,0.00005,0.00005,0.00005,0.00005,0.00005,0.00005,0.00005,0.00005,0.00005,0.00005,0.00005,0.00005,0.00005,0.00005,0.00005,0.00005,0.00005,0.00005,0.00005,0.00005,0.00005,0.00005,0.00005,0.00005,0.00005,0.00005,0.00005,0.00005,0.00005,0.00005,0.00005,0.00005,0.00005,0.00005,0.00005,0.00005,0.00005,0.00005,0.00005
UP,resid rural,biomass,resid rural cooking,0.00005,0.00005,0.00005,0.00005,0.00005,0.00005,0.00005,0.00005,0.00005,0.00005,0.00005,0.00005,0.00005,0.00005,0.00005,0.00005,0.00005,0.00005,0.00005,0.00005,0.00005,0.00005,0.00005,0.00005,0.00005,0.00005,0.00005,0.00005,0.00005,0.00005,0.00005,0.00005,0.00005,0.00005,0.00005,0.00005,0.00005,0.00005,0.00005,0.00005
WB,resid rural,biomass,resid rural cooking,0.00005,0.00005,0.00005,0.00005,0.00005,0.00005,0.00005,0.00005,0.00005,0.00005,0.00005,0.00005,0.00005,0.00005,0.00005,0.00005,0.00005,0.00005,0.00005,0.00005,0.00005,0.00005,0.00005,0.00005,0.00005,0.00005,0.00005,0.00005,0.00005,0.00005,0.00005,0.00005,0.00005,0.00005,0.00005,0.00005,0.00005,0.00005,0.00005,0.00005
AN,resid urban,biomass,resid urban cooking,0.00005,0.00005,0.00005,0.00005,0.00005,0.00005,0.00005,0.00005,0.00005,0.00005,0.00005,0.00005,0.00005,0.00005,0.00005,0.00005,0.00005,0.00005,0.00005,0.00005,0.00005,0.00005,0.00005,0.00005,0.00005,0.00005,0.00005,0.00005,0.00005,0.00005,0.00005,0.00005,0.00005,0.00005,0.00005,0.00005,0.00005,0.00005,0.00005,0.00005
AP,resid urban,biomass,resid urban cooking,0.00005,0.00005,0.00005,0.00005,0.00005,0.00005,0.00005,0.00005,0.00005,0.00005,0.00005,0.00005,0.00005,0.00005,0.00005,0.00005,0.00005,0.00005,0.00005,0.00005,0.00005,0.00005,0.00005,0.00005,0.00005,0.00005,0.00005,0.00005,0.00005,0.00005,0.00005,0.00005,0.00005,0.00005,0.00005,0.00005,0.00005,0.00005,0.00005,0.00005
AR,resid urban,biomass,resid urban cooking,0.00005,0.00005,0.00005,0.00005,0.00005,0.00005,0.00005,0.00005,0.00005,0.00005,0.00005,0.00005,0.00005,0.00005,0.00005,0.00005,0.00005,0.00005,0.00005,0.00005,0.00005,0.00005,0.00005,0.00005,0.00005,0.00005,0.00005,0.00005,0.00005,0.00005,0.00005,0.00005,0.00005,0.00005,0.00005,0.00005,0.00005,0.00005,0.00005,0.00005
AS,resid urban,biomass,resid urban cooking,0.00005,0.00005,0.00005,0.00005,0.00005,0.00005,0.00005,0.00005,0.00005,0.00005,0.00005,0.00005,0.00005,0.00005,0.00005,0.00005,0.00005,0.00005,0.00005,0.00005,0.00005,0.00005,0.00005,0.00005,0.00005,0.00005,0.00005,0.00005,0.00005,0.00005,0.00005,0.00005,0.00005,0.00005,0.00005,0.00005,0.00005,0.00005,0.00005,0.00005
BR,resid urban,biomass,resid urban cooking,0.00005,0.00005,0.00005,0.00005,0.00005,0.00005,0.00005,0.00005,0.00005,0.00005,0.00005,0.00005,0.00005,0.00005,0.00005,0.00005,0.00005,0.00005,0.00005,0.00005,0.00005,0.00005,0.00005,0.00005,0.00005,0.00005,0.00005,0.00005,0.00005,0.00005,0.00005,0.00005,0.00005,0.00005,0.00005,0.00005,0.00005,0.00005,0.00005,0.00005
CG,resid urban,biomass,resid urban cooking,0.00005,0.00005,0.00005,0.00005,0.00005,0.00005,0.00005,0.00005,0.00005,0.00005,0.00005,0.00005,0.00005,0.00005,0.00005,0.00005,0.00005,0.00005,0.00005,0.00005,0.00005,0.00005,0.00005,0.00005,0.00005,0.00005,0.00005,0.00005,0.00005,0.00005,0.00005,0.00005,0.00005,0.00005,0.00005,0.00005,0.00005,0.00005,0.00005,0.00005
CH,resid urban,biomass,resid urban cooking,0.00005,0.00005,0.00005,0.00005,0.00005,0.00005,0.00005,0.00005,0.00005,0.00005,0.00005,0.00005,0.00005,0.00005,0.00005,0.00005,0.00005,0.00005,0.00005,0.00005,0.00005,0.00005,0.00005,0.00005,0.00005,0.00005,0.00005,0.00005,0.00005,0.00005,0.00005,0.00005,0.00005,0.00005,0.00005,0.00005,0.00005,0.00005,0.00005,0.00005
DD,resid urban,biomass,resid urban cooking,0.00005,0.00005,0.00005,0.00005,0.00005,0.00005,0.00005,0.00005,0.00005,0.00005,0.00005,0.00005,0.00005,0.00005,0.00005,0.00005,0.00005,0.00005,0.00005,0.00005,0.00005,0.00005,0.00005,0.00005,0.00005,0.00005,0.00005,0.00005,0.00005,0.00005,0.00005,0.00005,0.00005,0.00005,0.00005,0.00005,0.00005,0.00005,0.00005,0.00005
DL,resid urban,biomass,resid urban cooking,0.00005,0.00005,0.00005,0.00005,0.00005,0.00005,0.00005,0.00005,0.00005,0.00005,0.00005,0.00005,0.00005,0.00005,0.00005,0.00005,0.00005,0.00005,0.00005,0.00005,0.00005,0.00005,0.00005,0.00005,0.00005,0.00005,0.00005,0.00005,0.00005,0.00005,0.00005,0.00005,0.00005,0.00005,0.00005,0.00005,0.00005,0.00005,0.00005,0.00005
DN,resid urban,biomass,resid urban cooking,0.00005,0.00005,0.00005,0.00005,0.00005,0.00005,0.00005,0.00005,0.00005,0.00005,0.00005,0.00005,0.00005,0.00005,0.00005,0.00005,0.00005,0.00005,0.00005,0.00005,0.00005,0.00005,0.00005,0.00005,0.00005,0.00005,0.00005,0.00005,0.00005,0.00005,0.00005,0.00005,0.00005,0.00005,0.00005,0.00005,0.00005,0.00005,0.00005,0.00005
GA,resid urban,biomass,resid urban cooking,0.00005,0.00005,0.00005,0.00005,0.00005,0.00005,0.00005,0.00005,0.00005,0.00005,0.00005,0.00005,0.00005,0.00005,0.00005,0.00005,0.00005,0.00005,0.00005,0.00005,0.00005,0.00005,0.00005,0.00005,0.00005,0.00005,0.00005,0.00005,0.00005,0.00005,0.00005,0.00005,0.00005,0.00005,0.00005,0.00005,0.00005,0.00005,0.00005,0.00005
GJ,resid urban,biomass,resid urban cooking,0.00005,0.00005,0.00005,0.00005,0.00005,0.00005,0.00005,0.00005,0.00005,0.00005,0.00005,0.00005,0.00005,0.00005,0.00005,0.00005,0.00005,0.00005,0.00005,0.00005,0.00005,0.00005,0.00005,0.00005,0.00005,0.00005,0.00005,0.00005,0.00005,0.00005,0.00005,0.00005,0.00005,0.00005,0.00005,0.00005,0.00005,0.00005,0.00005,0.00005
HP,resid urban,biomass,resid urban cooking,0.00005,0.00005,0.00005,0.00005,0.00005,0.00005,0.00005,0.00005,0.00005,0.00005,0.00005,0.00005,0.00005,0.00005,0.00005,0.00005,0.00005,0.00005,0.00005,0.00005,0.00005,0.00005,0.00005,0.00005,0.00005,0.00005,0.00005,0.00005,0.00005,0.00005,0.00005,0.00005,0.00005,0.00005,0.00005,0.00005,0.00005,0.00005,0.00005,0.00005
HR,resid urban,biomass,resid urban cooking,0.00005,0.00005,0.00005,0.00005,0.00005,0.00005,0.00005,0.00005,0.00005,0.00005,0.00005,0.00005,0.00005,0.00005,0.00005,0.00005,0.00005,0.00005,0.00005,0.00005,0.00005,0.00005,0.00005,0.00005,0.00005,0.00005,0.00005,0.00005,0.00005,0.00005,0.00005,0.00005,0.00005,0.00005,0.00005,0.00005,0.00005,0.00005,0.00005,0.00005
JH,resid urban,biomass,resid urban cooking,0.00005,0.00005,0.00005,0.00005,0.00005,0.00005,0.00005,0.00005,0.00005,0.00005,0.00005,0.00005,0.00005,0.00005,0.00005,0.00005,0.00005,0.00005,0.00005,0.00005,0.00005,0.00005,0.00005,0.00005,0.00005,0.00005,0.00005,0.00005,0.00005,0.00005,0.00005,0.00005,0.00005,0.00005,0.00005,0.00005,0.00005,0.00005,0.00005,0.00005
JK,resid urban,biomass,resid urban cooking,0.00005,0.00005,0.00005,0.00005,0.00005,0.00005,0.00005,0.00005,0.00005,0.00005,0.00005,0.00005,0.00005,0.00005,0.00005,0.00005,0.00005,0.00005,0.00005,0.00005,0.00005,0.00005,0.00005,0.00005,0.00005,0.00005,0.00005,0.00005,0.00005,0.00005,0.00005,0.00005,0.00005,0.00005,0.00005,0.00005,0.00005,0.00005,0.00005,0.00005
KA,resid urban,biomass,resid urban cooking,0.00005,0.00005,0.00005,0.00005,0.00005,0.00005,0.00005,0.00005,0.00005,0.00005,0.00005,0.00005,0.00005,0.00005,0.00005,0.00005,0.00005,0.00005,0.00005,0.00005,0.00005,0.00005,0.00005,0.00005,0.00005,0.00005,0.00005,0.00005,0.00005,0.00005,0.00005,0.00005,0.00005,0.00005,0.00005,0.00005,0.00005,0.00005,0.00005,0.00005
KL,resid urban,biomass,resid urban cooking,0.00005,0.00005,0.00005,0.00005,0.00005,0.00005,0.00005,0.00005,0.00005,0.00005,0.00005,0.00005,0.00005,0.00005,0.00005,0.00005,0.00005,0.00005,0.00005,0.00005,0.00005,0.00005,0.00005,0.00005,0.00005,0.00005,0.00005,0.00005,0.00005,0.00005,0.00005,0.00005,0.00005,0.00005,0.00005,0.00005,0.00005,0.00005,0.00005,0.00005
LA,resid urban,biomass,resid urban cooking,0.00005,0.00005,0.00005,0.00005,0.00005,0.00005,0.00005,0.00005,0.00005,0.00005,0.00005,0.00005,0.00005,0.00005,0.00005,0.00005,0.00005,0.00005,0.00005,0.00005,0.00005,0.00005,0.00005,0.00005,0.00005,0.00005,0.00005,0.00005,0.00005,0.00005,0.00005,0.00005,0.00005,0.00005,0.00005,0.00005,0.00005,0.00005,0.00005,0.00005
LD,resid urban,biomass,resid urban cooking,0.00005,0.00005,0.00005,0.00005,0.00005,0.00005,0.00005,0.00005,0.00005,0.00005,0.00005,0.00005,0.00005,0.00005,0.00005,0.00005,0.00005,0.00005,0.00005,0.00005,0.00005,0.00005,0.00005,0.00005,0.00005,0.00005,0.00005,0.00005,0.00005,0.00005,0.00005,0.00005,0.00005,0.00005,0.00005,0.00005,0.00005,0.00005,0.00005,0.00005
MH,resid urban,biomass,resid urban cooking,0.00005,0.00005,0.00005,0.00005,0.00005,0.00005,0.00005,0.00005,0.00005,0.00005,0.00005,0.00005,0.00005,0.00005,0.00005,0.00005,0.00005,0.00005,0.00005,0.00005,0.00005,0.00005,0.00005,0.00005,0.00005,0.00005,0.00005,0.00005,0.00005,0.00005,0.00005,0.00005,0.00005,0.00005,0.00005,0.00005,0.00005,0.00005,0.00005,0.00005
ML,resid urban,biomass,resid urban cooking,0.00005,0.00005,0.00005,0.00005,0.00005,0.00005,0.00005,0.00005,0.00005,0.00005,0.00005,0.00005,0.00005,0.00005,0.00005,0.00005,0.00005,0.00005,0.00005,0.00005,0.00005,0.00005,0.00005,0.00005,0.00005,0.00005,0.00005,0.00005,0.00005,0.00005,0.00005,0.00005,0.00005,0.00005,0.00005,0.00005,0.00005,0.00005,0.00005,0.00005
MN,resid urban,biomass,resid urban cooking,0.00005,0.00005,0.00005,0.00005,0.00005,0.00005,0.00005,0.00005,0.00005,0.00005,0.00005,0.00005,0.00005,0.00005,0.00005,0.00005,0.00005,0.00005,0.00005,0.00005,0.00005,0.00005,0.00005,0.00005,0.00005,0.00005,0.00005,0.00005,0.00005,0.00005,0.00005,0.00005,0.00005,0.00005,0.00005,0.00005,0.00005,0.00005,0.00005,0.00005
MP,resid urban,biomass,resid urban cooking,0.00005,0.00005,0.00005,0.00005,0.00005,0.00005,0.00005,0.00005,0.00005,0.00005,0.00005,0.00005,0.00005,0.00005,0.00005,0.00005,0.00005,0.00005,0.00005,0.00005,0.00005,0.00005,0.00005,0.00005,0.00005,0.00005,0.00005,0.00005,0.00005,0.00005,0.00005,0.00005,0.00005,0.00005,0.00005,0.00005,0.00005,0.00005,0.00005,0.00005
MZ,resid urban,biomass,resid urban cooking,0.00005,0.00005,0.00005,0.00005,0.00005,0.00005,0.00005,0.00005,0.00005,0.00005,0.00005,0.00005,0.00005,0.00005,0.00005,0.00005,0.00005,0.00005,0.00005,0.00005,0.00005,0.00005,0.00005,0.00005,0.00005,0.00005,0.00005,0.00005,0.00005,0.00005,0.00005,0.00005,0.00005,0.00005,0.00005,0.00005,0.00005,0.00005,0.00005,0.00005
NL,resid urban,biomass,resid urban cooking,0.00005,0.00005,0.00005,0.00005,0.00005,0.00005,0.00005,0.00005,0.00005,0.00005,0.00005,0.00005,0.00005,0.00005,0.00005,0.00005,0.00005,0.00005,0.00005,0.00005,0.00005,0.00005,0.00005,0.00005,0.00005,0.00005,0.00005,0.00005,0.00005,0.00005,0.00005,0.00005,0.00005,0.00005,0.00005,0.00005,0.00005,0.00005,0.00005,0.00005
OD,resid urban,biomass,resid urban cooking,0.00005,0.00005,0.00005,0.00005,0.00005,0.00005,0.00005,0.00005,0.00005,0.00005,0.00005,0.00005,0.00005,0.00005,0.00005,0.00005,0.00005,0.00005,0.00005,0.00005,0.00005,0.00005,0.00005,0.00005,0.00005,0.00005,0.00005,0.00005,0.00005,0.00005,0.00005,0.00005,0.00005,0.00005,0.00005,0.00005,0.00005,0.00005,0.00005,0.00005
PB,resid urban,biomass,resid urban cooking,0.00005,0.00005,0.00005,0.00005,0.00005,0.00005,0.00005,0.00005,0.00005,0.00005,0.00005,0.00005,0.00005,0.00005,0.00005,0.00005,0.00005,0.00005,0.00005,0.00005,0.00005,0.00005,0.00005,0.00005,0.00005,0.00005,0.00005,0.00005,0.00005,0.00005,0.00005,0.00005,0.00005,0.00005,0.00005,0.00005,0.00005,0.00005,0.00005,0.00005
PC,resid urban,biomass,resid urban cooking,0.00005,0.00005,0.00005,0.00005,0.00005,0.00005,0.00005,0.00005,0.00005,0.00005,0.00005,0.00005,0.00005,0.00005,0.00005,0.00005,0.00005,0.00005,0.00005,0.00005,0.00005,0.00005,0.00005,0.00005,0.00005,0.00005,0.00005,0.00005,0.00005,0.00005,0.00005,0.00005,0.00005,0.00005,0.00005,0.00005,0.00005,0.00005,0.00005,0.00005
RJ,resid urban,biomass,resid urban cooking,0.00005,0.00005,0.00005,0.00005,0.00005,0.00005,0.00005,0.00005,0.00005,0.00005,0.00005,0.00005,0.00005,0.00005,0.00005,0.00005,0.00005,0.00005,0.00005,0.00005,0.00005,0.00005,0.00005,0.00005,0.00005,0.00005,0.00005,0.00005,0.00005,0.00005,0.00005,0.00005,0.00005,0.00005,0.00005,0.00005,0.00005,0.00005,0.00005,0.00005
SK,resid urban,biomass,resid urban cooking,0.00005,0.00005,0.00005,0.00005,0.00005,0.00005,0.00005,0.00005,0.00005,0.00005,0.00005,0.00005,0.00005,0.00005,0.00005,0.00005,0.00005,0.00005,0.00005,0.00005,0.00005,0.00005,0.00005,0.00005,0.00005,0.00005,0.00005,0.00005,0.00005,0.00005,0.00005,0.00005,0.00005,0.00005,0.00005,0.00005,0.00005,0.00005,0.00005,0.00005
TN,resid urban,biomass,resid urban cooking,0.00005,0.00005,0.00005,0.00005,0.00005,0.00005,0.00005,0.00005,0.00005,0.00005,0.00005,0.00005,0.00005,0.00005,0.00005,0.00005,0.00005,0.00005,0.00005,0.00005,0.00005,0.00005,0.00005,0.00005,0.00005,0.00005,0.00005,0.00005,0.00005,0.00005,0.00005,0.00005,0.00005,0.00005,0.00005,0.00005,0.00005,0.00005,0.00005,0.00005
TR,resid urban,biomass,resid urban cooking,0.00005,0.00005,0.00005,0.00005,0.00005,0.00005,0.00005,0.00005,0.00005,0.00005,0.00005,0.00005,0.00005,0.00005,0.00005,0.00005,0.00005,0.00005,0.00005,0.00005,0.00005,0.00005,0.00005,0.00005,0.00005,0.00005,0.00005,0.00005,0.00005,0.00005,0.00005,0.00005,0.00005,0.00005,0.00005,0.00005,0.00005,0.00005,0.00005,0.00005
TS,resid urban,biomass,resid urban cooking,0.00005,0.00005,0.00005,0.00005,0.00005,0.00005,0.00005,0.00005,0.00005,0.00005,0.00005,0.00005,0.00005,0.00005,0.00005,0.00005,0.00005,0.00005,0.00005,0.00005,0.00005,0.00005,0.00005,0.00005,0.00005,0.00005,0.00005,0.00005,0.00005,0.00005,0.00005,0.00005,0.00005,0.00005,0.00005,0.00005,0.00005,0.00005,0.00005,0.00005
UK,resid urban,biomass,resid urban cooking,0.00005,0.00005,0.00005,0.00005,0.00005,0.00005,0.00005,0.00005,0.00005,0.00005,0.00005,0.00005,0.00005,0.00005,0.00005,0.00005,0.00005,0.00005,0.00005,0.00005,0.00005,0.00005,0.00005,0.00005,0.00005,0.00005,0.00005,0.00005,0.00005,0.00005,0.00005,0.00005,0.00005,0.00005,0.00005,0.00005,0.00005,0.00005,0.00005,0.00005
UP,resid urban,biomass,resid urban cooking,0.00005,0.00005,0.00005,0.00005,0.00005,0.00005,0.00005,0.00005,0.00005,0.00005,0.00005,0.00005,0.00005,0.00005,0.00005,0.00005,0.00005,0.00005,0.00005,0.00005,0.00005,0.00005,0.00005,0.00005,0.00005,0.00005,0.00005,0.00005,0.00005,0.00005,0.00005,0.00005,0.00005,0.00005,0.00005,0.00005,0.00005,0.00005,0.00005,0.00005
WB,resid urban,biomass,resid urban cooking,0.00005,0.00005,0.00005,0.00005,0.00005,0.00005,0.00005,0.00005,0.00005,0.00005,0.00005,0.00005,0.00005,0.00005,0.00005,0.00005,0.00005,0.00005,0.00005,0.00005,0.00005,0.00005,0.00005,0.00005,0.00005,0.00005,0.00005,0.00005,0.00005,0.00005,0.00005,0.00005,0.00005,0.00005,0.00005,0.00005,0.00005,0.00005,0.00005,0.00005
AN,resid rural,traditional biomass,resid rural cooking,0.00005,0.00005,0.00005,0.00005,0.00005,0.00005,0.00005,0.00005,0.00005,0.00005,0.00005,0.00005,0.00005,0.00005,0.00005,0.00005,0.00005,0.00005,0.00005,0.00005,0.00005,0.00005,0.00005,0.00005,0.00005,0.00005,0.00005,0.00005,0.00005,0.00005,0.00005,0.00005,0.00005,0.00005,0.00005,0.00005,0.00005,0.00005,0.00005,0.00005
AP,resid rural,traditional biomass,resid rural cooking,0.0195,0.0195,0.0195,0.0195,0.0195,0.0195,0.0195,0.0195,0.0195,0.0195,0.0195,0.0195,0.0195,0.0195,0.0195,0.0195,0.0195,0.0195,0.0195,0.0195,0.0195,0.0195,0.0195,0.0195,0.0195,0.0195,0.0195,0.0195,0.0195,0.0195,0.0195,0.0195,0.0195,0.0195,0.0195,0.0195,0.0195,0.0195,0.0195,0.0195
AR,resid rural,traditional biomass,resid rural cooking,0.00005,0.00005,0.00005,0.00005,0.00005,0.00005,0.00005,0.00005,0.00005,0.00005,0.00005,0.00005,0.00005,0.00005,0.00005,0.00005,0.00005,0.00005,0.00005,0.00005,0.00005,0.00005,0.00005,0.00005,0.00005,0.00005,0.00005,0.00005,0.00005,0.00005,0.00005,0.00005,0.00005,0.00005,0.00005,0.00005,0.00005,0.00005,0.00005,0.00005
AS,resid rural,traditional biomass,resid rural cooking,0.00475,0.00475,0.00475,0.00475,0.00475,0.00475,0.00475,0.00475,0.00475,0.00475,0.00475,0.00475,0.00475,0.00475,0.00475,0.00475,0.00475,0.00475,0.00475,0.00475,0.00475,0.00475,0.00475,0.00475,0.00475,0.00475,0.00475,0.00475,0.00475,0.00475,0.00475,0.00475,0.00475,0.00475,0.00475,0.00475,0.00475,0.00475,0.00475,0.00475
BR,resid rural,traditional biomass,resid rural cooking,0.64974,0.64974,0.64974,0.64974,0.64974,0.64974,0.64974,0.64974,0.64974,0.64974,0.64974,0.64974,0.64974,0.64974,0.64974,0.64974,0.64974,0.64974,0.64974,0.64974,0.64974,0.64974,0.64974,0.64974,0.64974,0.64974,0.64974,0.64974,0.64974,0.64974,0.64974,0.64974,0.64974,0.64974,0.64974,0.64974,0.64974,0.64974,0.64974,0.64974
CG,resid rural,traditional biomass,resid rural cooking,0.14831,0.14831,0.14831,0.14831,0.14831,0.14831,0.14831,0.14831,0.14831,0.14831,0.14831,0.14831,0.14831,0.14831,0.14831,0.14831,0.14831,0.14831,0.14831,0.14831,0.14831,0.14831,0.14831,0.14831,0.14831,0.14831,0.14831,0.14831,0.14831,0.14831,0.14831,0.14831,0.14831,0.14831,0.14831,0.14831,0.14831,0.14831,0.14831,0.14831
CH,resid rural,traditional biomass,resid rural cooking,0.00057,0.00057,0.00057,0.00057,0.00057,0.00057,0.00057,0.00057,0.00057,0.00057,0.00057,0.00057,0.00057,0.00057,0.00057,0.00057,0.00057,0.00057,0.00057,0.00057,0.00057,0.00057,0.00057,0.00057,0.00057,0.00057,0.00057,0.00057,0.00057,0.00057,0.00057,0.00057,0.00057,0.00057,0.00057,0.00057,0.00057,0.00057,0.00057,0.00057
DD,resid rural,traditional biomass,resid rural cooking,0.00097,0.00097,0.00097,0.00097,0.00097,0.00097,0.00097,0.00097,0.00097,0.00097,0.00097,0.00097,0.00097,0.00097,0.00097,0.00097,0.00097,0.00097,0.00097,0.00097,0.00097,0.00097,0.00097,0.00097,0.00097,0.00097,0.00097,0.00097,0.00097,0.00097,0.00097,0.00097,0.00097,0.00097,0.00097,0.00097,0.00097,0.00097,0.00097,0.00097
DL,resid rural,traditional biomass,resid rural cooking,0.00141,0.00141,0.00141,0.00141,0.00141,0.00141,0.00141,0.00141,0.00141,0.00141,0.00141,0.00141,0.00141,0.00141,0.00141,0.00141,0.00141,0.00141,0.00141,0.00141,0.00141,0.00141,0.00141,0.00141,0.00141,0.00141,0.00141,0.00141,0.00141,0.00141,0.00141,0.00141,0.00141,0.00141,0.00141,0.00141,0.00141,0.00141,0.00141,0.00141
DN,resid rural,traditional biomass,resid rural cooking,0.00202,0.00202,0.00202,0.00202,0.00202,0.00202,0.00202,0.00202,0.00202,0.00202,0.00202,0.00202,0.00202,0.00202,0.00202,0.00202,0.00202,0.00202,0.00202,0.00202,0.00202,0.00202,0.00202,0.00202,0.00202,0.00202,0.00202,0.00202,0.00202,0.00202,0.00202,0.00202,0.00202,0.00202,0.00202,0.00202,0.00202,0.00202,0.00202,0.00202
GA,resid rural,traditional biomass,resid rural cooking,0.00001,0.00001,0.00001,0.00001,0.00001,0.00001,0.00001,0.00001,0.00001,0.00001,0.00001,0.00001,0.00001,0.00001,0.00001,0.00001,0.00001,0.00001,0.00001,0.00001,0.00001,0.00001,0.00001,0.00001,0.00001,0.00001,0.00001,0.00001,0.00001,0.00001,0.00001,0.00001,0.00001,0.00001,0.00001,0.00001,0.00001,0.00001,0.00001,0.00001
GJ,resid rural,traditional biomass,resid rural cooking,0.08622,0.08622,0.08622,0.08622,0.08622,0.08622,0.08622,0.08622,0.08622,0.08622,0.08622,0.08622,0.08622,0.08622,0.08622,0.08622,0.08622,0.08622,0.08622,0.08622,0.08622,0.08622,0.08622,0.08622,0.08622,0.08622,0.08622,0.08622,0.08622,0.08622,0.08622,0.08622,0.08622,0.08622,0.08622,0.08622,0.08622,0.08622,0.08622,0.08622
HP,resid rural,traditional biomass,resid rural cooking,0.01268,0.01268,0.01268,0.01268,0.01268,0.01268,0.01268,0.01268,0.01268,0.01268,0.01268,0.01268,0.01268,0.01268,0.01268,0.01268,0.01268,0.01268,0.01268,0.01268,0.01268,0.01268,0.01268,0.01268,0.01268,0.01268,0.01268,0.01268,0.01268,0.01268,0.01268,0.01268,0.01268,0.01268,0.01268,0.01268,0.01268,0.01268,0.01268,0.01268
HR,resid rural,traditional biomass,resid rural cooking,0.4657,0.4657,0.4657,0.4657,0.4657,0.4657,0.4657,0.4657,0.4657,0.4657,0.4657,0.4657,0.4657,0.4657,0.4657,0.4657,0.4657,0.4657,0.4657,0.4657,0.4657,0.4657,0.4657,0.4657,0.4657,0.4657,0.4657,0.4657,0.4657,0.4657,0.4657,0.4657,0.4657,0.4657,0.4657,0.4657,0.4657,0.4657,0.4657,0.4657
JH,resid rural,traditional biomass,resid rural cooking,0.12526,0.12526,0.12526,0.12526,0.12526,0.12526,0.12526,0.12526,0.12526,0.12526,0.12526,0.12526,0.12526,0.12526,0.12526,0.12526,0.12526,0.12526,0.12526,0.12526,0.12526,0.12526,0.12526,0.12526,0.12526,0.12526,0.12526,0.12526,0.12526,0.12526,0.12526,0.12526,0.12526,0.12526,0.12526,0.12526,0.12526,0.12526,0.12526,0.12526
JK,resid rural,traditional biomass,resid rural cooking,0.08092,0.08092,0.08092,0.08092,0.08092,0.08092,0.08092,0.08092,0.08092,0.08092,0.08092,0.08092,0.08092,0.08092,0.08092,0.08092,0.08092,0.08092,0.08092,0.08092,0.08092,0.08092,0.08092,0.08092,0.08092,0.08092,0.08092,0.08092,0.08092,0.08092,0.08092,0.08092,0.08092,0.08092,0.08092,0.08092,0.08092,0.08092,0.08092,0.08092
KA,resid rural,traditional biomass,resid rural cooking,0.01269,0.01269,0.01269,0.01269,0.01269,0.01269,0.01269,0.01269,0.01269,0.01269,0.01269,0.01269,0.01269,0.01269,0.01269,0.01269,0.01269,0.01269,0.01269,0.01269,0.01269,0.01269,0.01269,0.01269,0.01269,0.01269,0.01269,0.01269,0.01269,0.01269,0.01269,0.01269,0.01269,0.01269,0.01269,0.01269,0.01269,0.01269,0.01269,0.01269
KL,resid rural,traditional biomass,resid rural cooking,0.00005,0.00005,0.00005,0.00005,0.00005,0.00005,0.00005,0.00005,0.00005,0.00005,0.00005,0.00005,0.00005,0.00005,0.00005,0.00005,0.00005,0.00005,0.00005,0.00005,0.00005,0.00005,0.00005,0.00005,0.00005,0.00005,0.00005,0.00005,0.00005,0.00005,0.00005,0.00005,0.00005,0.00005,0.00005,0.00005,0.00005,0.00005,0.00005,0.00005
LA,resid rural,traditional biomass,resid rural cooking,0.00181,0.00181,0.00181,0.00181,0.00181,0.00181,0.00181,0.00181,0.00181,0.00181,0.00181,0.00181,0.00181,0.00181,0.00181,0.00181,0.00181,0.00181,0.00181,0.00181,0.00181,0.00181,0.00181,0.00181,0.00181,0.00181,0.00181,0.00181,0.00181,0.00181,0.00181,0.00181,0.00181,0.00181,0.00181,0.00181,0.00181,0.00181,0.00181,0.00181
LD,resid rural,traditional biomass,resid rural cooking,0.00005,0.00005,0.00005,0.00005,0.00005,0.00005,0.00005,0.00005,0.00005,0.00005,0.00005,0.00005,0.00005,0.00005,0.00005,0.00005,0.00005,0.00005,0.00005,0.00005,0.00005,0.00005,0.00005,0.00005,0.00005,0.00005,0.00005,0.00005,0.00005,0.00005,0.00005,0.00005,0.00005,0.00005,0.00005,0.00005,0.00005,0.00005,0.00005,0.00005
MH,resid rural,traditional biomass,resid rural cooking,0.09312,0.09312,0.09312,0.09312,0.09312,0.09312,0.09312,0.09312,0.09312,0.09312,0.09312,0.09312,0.09312,0.09312,0.09312,0.09312,0.09312,0.09312,0.09312,0.09312,0.09312,0.09312,0.09312,0.09312,0.09312,0.09312,0.09312,0.09312,0.09312,0.09312,0.09312,0.09312,0.09312,0.09312,0.09312,0.09312,0.09312,0.09312,0.09312,0.09312
ML,resid rural,traditional biomass,resid rural cooking,0.00026,0.00026,0.00026,0.00026,0.00026,0.00026,0.00026,0.00026,0.00026,0.00026,0.00026,0.00026,0.00026,0.00026,0.00026,0.00026,0.00026,0.00026,0.00026,0.00026,0.00026,0.00026,0.00026,0.00026,0.00026,0.00026,0.00026,0.00026,0.00026,0.00026,0.00026,0.00026,0.00026,0.00026,0.00026,0.00026,0.00026,0.00026,0.00026,0.00026
MN,resid rural,traditional biomass,resid rural cooking,0.00372,0.00372,0.00372,0.00372,0.00372,0.00372,0.00372,0.00372,0.00372,0.00372,0.00372,0.00372,0.00372,0.00372,0.00372,0.00372,0.00372,0.00372,0.00372,0.00372,0.00372,0.00372,0.00372,0.00372,0.00372,0.00372,0.00372,0.00372,0.00372,0.00372,0.00372,0.00372,0.00372,0.00372,0.00372,0.00372,0.00372,0.00372,0.00372,0.00372
MP,resid rural,traditional biomass,resid rural cooking,0.44279,0.44279,0.44279,0.44279,0.44279,0.44279,0.44279,0.44279,0.44279,0.44279,0.44279,0.44279,0.44279,0.44279,0.44279,0.44279,0.44279,0.44279,0.44279,0.44279,0.44279,0.44279,0.44279,0.44279,0.44279,0.44279,0.44279,0.44279,0.44279,0.44279,0.44279,0.44279,0.44279,0.44279,0.44279,0.44279,0.44279,0.44279,0.44279,0.44279
MZ,resid rural,traditional biomass,resid rural cooking,0.0019,0.0019,0.0019,0.0019,0.0019,0.0019,0.0019,0.0019,0.0019,0.0019,0.0019,0.0019,0.0019,0.0019,0.0019,0.0019,0.0019,0.0019,0.0019,0.0019,0.0019,0.0019,0.0019,0.0019,0.0019,0.0019,0.0019,0.0019,0.0019,0.0019,0.0019,0.0019,0.0019,0.0019,0.0019,0.0019,0.0019,0.0019,0.0019,0.0019
NL,resid rural,traditional biomass,resid rural cooking,0.00005,0.00005,0.00005,0.00005,0.00005,0.00005,0.00005,0.00005,0.00005,0.00005,0.00005,0.00005,0.00005,0.00005,0.00005,0.00005,0.00005,0.00005,0.00005,0.00005,0.00005,0.00005,0.00005,0.00005,0.00005,0.00005,0.00005,0.00005,0.00005,0.00005,0.00005,0.00005,0.00005,0.00005,0.00005,0.00005,0.00005,0.00005,0.00005,0.00005
OD,resid rural,traditional biomass,resid rural cooking,0.10313,0.10313,0.10313,0.10313,0.10313,0.10313,0.10313,0.10313,0.10313,0.10313,0.10313,0.10313,0.10313,0.10313,0.10313,0.10313,0.10313,0.10313,0.10313,0.10313,0.10313,0.10313,0.10313,0.10313,0.10313,0.10313,0.10313,0.10313,0.10313,0.10313,0.10313,0.10313,0.10313,0.10313,0.10313,0.10313,0.10313,0.10313,0.10313,0.10313
PB,resid rural,traditional biomass,resid rural cooking,0.68374,0.68374,0.68374,0.68374,0.68374,0.68374,0.68374,0.68374,0.68374,0.68374,0.68374,0.68374,0.68374,0.68374,0.68374,0.68374,0.68374,0.68374,0.68374,0.68374,0.68374,0.68374,0.68374,0.68374,0.68374,0.68374,0.68374,0.68374,0.68374,0.68374,0.68374,0.68374,0.68374,0.68374,0.68374,0.68374,0.68374,0.68374,0.68374,0.68374
PC,resid rural,traditional biomass,resid rural cooking,0.00005,0.00005,0.00005,0.00005,0.00005,0.00005,0.00005,0.00005,0.00005,0.00005,0.00005,0.00005,0.00005,0.00005,0.00005,0.00005,0.00005,0.00005,0.00005,0.00005,0.00005,0.00005,0.00005,0.00005,0.00005,0.00005,0.00005,0.00005,0.00005,0.00005,0.00005,0.00005,0.00005,0.00005,0.00005,0.00005,0.00005,0.00005,0.00005,0.00005
RJ,resid rural,traditional biomass,resid rural cooking,0.24412,0.24412,0.24412,0.24412,0.24412,0.24412,0.24412,0.24412,0.24412,0.24412,0.24412,0.24412,0.24412,0.24412,0.24412,0.24412,0.24412,0.24412,0.24412,0.24412,0.24412,0.24412,0.24412,0.24412,0.24412,0.24412,0.24412,0.24412,0.24412,0.24412,0.24412,0.24412,0.24412,0.24412,0.24412,0.24412,0.24412,0.24412,0.24412,0.24412
SK,resid rural,traditional biomass,resid rural cooking,0.00005,0.00005,0.00005,0.00005,0.00005,0.00005,0.00005,0.00005,0.00005,0.00005,0.00005,0.00005,0.00005,0.00005,0.00005,0.00005,0.00005,0.00005,0.00005,0.00005,0.00005,0.00005,0.00005,0.00005,0.00005,0.00005,0.00005,0.00005,0.00005,0.00005,0.00005,0.00005,0.00005,0.00005,0.00005,0.00005,0.00005,0.00005,0.00005,0.00005
TN,resid rural,traditional biomass,resid rural cooking,0.00448,0.00448,0.00448,0.00448,0.00448,0.00448,0.00448,0.00448,0.00448,0.00448,0.00448,0.00448,0.00448,0.00448,0.00448,0.00448,0.00448,0.00448,0.00448,0.00448,0.00448,0.00448,0.00448,0.00448,0.00448,0.00448,0.00448,0.00448,0.00448,0.00448,0.00448,0.00448,0.00448,0.00448,0.00448,0.00448,0.00448,0.00448,0.00448,0.00448
TR,resid rural,traditional biomass,resid rural cooking,0.00103,0.00103,0.00103,0.00103,0.00103,0.00103,0.00103,0.00103,0.00103,0.00103,0.00103,0.00103,0.00103,0.00103,0.00103,0.00103,0.00103,0.00103,0.00103,0.00103,0.00103,0.00103,0.00103,0.00103,0.00103,0.00103,0.00103,0.00103,0.00103,0.00103,0.00103,0.00103,0.00103,0.00103,0.00103,0.00103,0.00103,0.00103,0.00103,0.00103
TS,resid rural,traditional biomass,resid rural cooking,0.00005,0.00005,0.00005,0.00005,0.00005,0.00005,0.00005,0.00005,0.00005,0.00005,0.00005,0.00005,0.00005,0.00005,0.00005,0.00005,0.00005,0.00005,0.00005,0.00005,0.00005,0.00005,0.00005,0.00005,0.00005,0.00005,0.00005,0.00005,0.00005,0.00005,0.00005,0.00005,0.00005,0.00005,0.00005,0.00005,0.00005,0.00005,0.00005,0.00005
UK,resid rural,traditional biomass,resid rural cooking,0.04714,0.04714,0.04714,0.04714,0.04714,0.04714,0.04714,0.04714,0.04714,0.04714,0.04714,0.04714,0.04714,0.04714,0.04714,0.04714,0.04714,0.04714,0.04714,0.04714,0.04714,0.04714,0.04714,0.04714,0.04714,0.04714,0.04714,0.04714,0.04714,0.04714,0.04714,0.04714,0.04714,0.04714,0.04714,0.04714,0.04714,0.04714,0.04714,0.04714
UP,resid rural,traditional biomass,resid rural cooking,2.03457,2.03457,2.03457,2.03457,2.03457,2.03457,2.03457,2.03457,2.03457,2.03457,2.03457,2.03457,2.03457,2.03457,2.03457,2.03457,2.03457,2.03457,2.03457,2.03457,2.03457,2.03457,2.03457,2.03457,2.03457,2.03457,2.03457,2.03457,2.03457,2.03457,2.03457,2.03457,2.03457,2.03457,2.03457,2.03457,2.03457,2.03457,2.03457,2.03457
WB,resid rural,traditional biomass,resid rural cooking,0.30298,0.30298,0.30298,0.30298,0.30298,0.30298,0.30298,0.30298,0.30298,0.30298,0.30298,0.30298,0.30298,0.30298,0.30298,0.30298,0.30298,0.30298,0.30298,0.30298,0.30298,0.30298,0.30298,0.30298,0.30298,0.30298,0.30298,0.30298,0.30298,0.30298,0.30298,0.30298,0.30298,0.30298,0.30298,0.30298,0.30298,0.30298,0.30298,0.30298
AN,resid urban,traditional biomass,resid urban cooking,0.00005,0.00005,0.00005,0.00005,0.00005,0.00005,0.00005,0.00005,0.00005,0.00005,0.00005,0.00005,0.00005,0.00005,0.00005,0.00005,0.00005,0.00005,0.00005,0.00005,0.00005,0.00005,0.00005,0.00005,0.00005,0.00005,0.00005,0.00005,0.00005,0.00005,0.00005,0.00005,0.00005,0.00005,0.00005,0.00005,0.00005,0.00005,0.00005,0.00005
AP,resid urban,traditional biomass,resid urban cooking,0.00005,0.00005,0.00005,0.00005,0.00005,0.00005,0.00005,0.00005,0.00005,0.00005,0.00005,0.00005,0.00005,0.00005,0.00005,0.00005,0.00005,0.00005,0.00005,0.00005,0.00005,0.00005,0.00005,0.00005,0.00005,0.00005,0.00005,0.00005,0.00005,0.00005,0.00005,0.00005,0.00005,0.00005,0.00005,0.00005,0.00005,0.00005,0.00005,0.00005
AR,resid urban,traditional biomass,resid urban cooking,0.00005,0.00005,0.00005,0.00005,0.00005,0.00005,0.00005,0.00005,0.00005,0.00005,0.00005,0.00005,0.00005,0.00005,0.00005,0.00005,0.00005,0.00005,0.00005,0.00005,0.00005,0.00005,0.00005,0.00005,0.00005,0.00005,0.00005,0.00005,0.00005,0.00005,0.00005,0.00005,0.00005,0.00005,0.00005,0.00005,0.00005,0.00005,0.00005,0.00005
AS,resid urban,traditional biomass,resid urban cooking,0.00005,0.00005,0.00005,0.00005,0.00005,0.00005,0.00005,0.00005,0.00005,0.00005,0.00005,0.00005,0.00005,0.00005,0.00005,0.00005,0.00005,0.00005,0.00005,0.00005,0.00005,0.00005,0.00005,0.00005,0.00005,0.00005,0.00005,0.00005,0.00005,0.00005,0.00005,0.00005,0.00005,0.00005,0.00005,0.00005,0.00005,0.00005,0.00005,0.00005
BR,resid urban,traditional biomass,resid urban cooking,0.00005,0.00005,0.00005,0.00005,0.00005,0.00005,0.00005,0.00005,0.00005,0.00005,0.00005,0.00005,0.00005,0.00005,0.00005,0.00005,0.00005,0.00005,0.00005,0.00005,0.00005,0.00005,0.00005,0.00005,0.00005,0.00005,0.00005,0.00005,0.00005,0.00005,0.00005,0.00005,0.00005,0.00005,0.00005,0.00005,0.00005,0.00005,0.00005,0.00005
CG,resid urban,traditional biomass,resid urban cooking,0.00005,0.00005,0.00005,0.00005,0.00005,0.00005,0.00005,0.00005,0.00005,0.00005,0.00005,0.00005,0.00005,0.00005,0.00005,0.00005,0.00005,0.00005,0.00005,0.00005,0.00005,0.00005,0.00005,0.00005,0.00005,0.00005,0.00005,0.00005,0.00005,0.00005,0.00005,0.00005,0.00005,0.00005,0.00005,0.00005,0.00005,0.00005,0.00005,0.00005
CH,resid urban,traditional biomass,resid urban cooking,0.00005,0.00005,0.00005,0.00005,0.00005,0.00005,0.00005,0.00005,0.00005,0.00005,0.00005,0.00005,0.00005,0.00005,0.00005,0.00005,0.00005,0.00005,0.00005,0.00005,0.00005,0.00005,0.00005,0.00005,0.00005,0.00005,0.00005,0.00005,0.00005,0.00005,0.00005,0.00005,0.00005,0.00005,0.00005,0.00005,0.00005,0.00005,0.00005,0.00005
DD,resid urban,traditional biomass,resid urban cooking,0.00005,0.00005,0.00005,0.00005,0.00005,0.00005,0.00005,0.00005,0.00005,0.00005,0.00005,0.00005,0.00005,0.00005,0.00005,0.00005,0.00005,0.00005,0.00005,0.00005,0.00005,0.00005,0.00005,0.00005,0.00005,0.00005,0.00005,0.00005,0.00005,0.00005,0.00005,0.00005,0.00005,0.00005,0.00005,0.00005,0.00005,0.00005,0.00005,0.00005
DL,resid urban,traditional biomass,resid urban cooking,0.00005,0.00005,0.00005,0.00005,0.00005,0.00005,0.00005,0.00005,0.00005,0.00005,0.00005,0.00005,0.00005,0.00005,0.00005,0.00005,0.00005,0.00005,0.00005,0.00005,0.00005,0.00005,0.00005,0.00005,0.00005,0.00005,0.00005,0.00005,0.00005,0.00005,0.00005,0.00005,0.00005,0.00005,0.00005,0.00005,0.00005,0.00005,0.00005,0.00005
DN,resid urban,traditional biomass,resid urban cooking,0.00005,0.00005,0.00005,0.00005,0.00005,0.00005,0.00005,0.00005,0.00005,0.00005,0.00005,0.00005,0.00005,0.00005,0.00005,0.00005,0.00005,0.00005,0.00005,0.00005,0.00005,0.00005,0.00005,0.00005,0.00005,0.00005,0.00005,0.00005,0.00005,0.00005,0.00005,0.00005,0.00005,0.00005,0.00005,0.00005,0.00005,0.00005,0.00005,0.00005
GA,resid urban,traditional biomass,resid urban cooking,0.00005,0.00005,0.00005,0.00005,0.00005,0.00005,0.00005,0.00005,0.00005,0.00005,0.00005,0.00005,0.00005,0.00005,0.00005,0.00005,0.00005,0.00005,0.00005,0.00005,0.00005,0.00005,0.00005,0.00005,0.00005,0.00005,0.00005,0.00005,0.00005,0.00005,0.00005,0.00005,0.00005,0.00005,0.00005,0.00005,0.00005,0.00005,0.00005,0.00005
GJ,resid urban,traditional biomass,resid urban cooking,0.00005,0.00005,0.00005,0.00005,0.00005,0.00005,0.00005,0.00005,0.00005,0.00005,0.00005,0.00005,0.00005,0.00005,0.00005,0.00005,0.00005,0.00005,0.00005,0.00005,0.00005,0.00005,0.00005,0.00005,0.00005,0.00005,0.00005,0.00005,0.00005,0.00005,0.00005,0.00005,0.00005,0.00005,0.00005,0.00005,0.00005,0.00005,0.00005,0.00005
HP,resid urban,traditional biomass,resid urban cooking,0.00005,0.00005,0.00005,0.00005,0.00005,0.00005,0.00005,0.00005,0.00005,0.00005,0.00005,0.00005,0.00005,0.00005,0.00005,0.00005,0.00005,0.00005,0.00005,0.00005,0.00005,0.00005,0.00005,0.00005,0.00005,0.00005,0.00005,0.00005,0.00005,0.00005,0.00005,0.00005,0.00005,0.00005,0.00005,0.00005,0.00005,0.00005,0.00005,0.00005
HR,resid urban,traditional biomass,resid urban cooking,0.00005,0.00005,0.00005,0.00005,0.00005,0.00005,0.00005,0.00005,0.00005,0.00005,0.00005,0.00005,0.00005,0.00005,0.00005,0.00005,0.00005,0.00005,0.00005,0.00005,0.00005,0.00005,0.00005,0.00005,0.00005,0.00005,0.00005,0.00005,0.00005,0.00005,0.00005,0.00005,0.00005,0.00005,0.00005,0.00005,0.00005,0.00005,0.00005,0.00005
JH,resid urban,traditional biomass,resid urban cooking,0.00005,0.00005,0.00005,0.00005,0.00005,0.00005,0.00005,0.00005,0.00005,0.00005,0.00005,0.00005,0.00005,0.00005,0.00005,0.00005,0.00005,0.00005,0.00005,0.00005,0.00005,0.00005,0.00005,0.00005,0.00005,0.00005,0.00005,0.00005,0.00005,0.00005,0.00005,0.00005,0.00005,0.00005,0.00005,0.00005,0.00005,0.00005,0.00005,0.00005
JK,resid urban,traditional biomass,resid urban cooking,0.00005,0.00005,0.00005,0.00005,0.00005,0.00005,0.00005,0.00005,0.00005,0.00005,0.00005,0.00005,0.00005,0.00005,0.00005,0.00005,0.00005,0.00005,0.00005,0.00005,0.00005,0.00005,0.00005,0.00005,0.00005,0.00005,0.00005,0.00005,0.00005,0.00005,0.00005,0.00005,0.00005,0.00005,0.00005,0.00005,0.00005,0.00005,0.00005,0.00005
KA,resid urban,traditional biomass,resid urban cooking,0.00005,0.00005,0.00005,0.00005,0.00005,0.00005,0.00005,0.00005,0.00005,0.00005,0.00005,0.00005,0.00005,0.00005,0.00005,0.00005,0.00005,0.00005,0.00005,0.00005,0.00005,0.00005,0.00005,0.00005,0.00005,0.00005,0.00005,0.00005,0.00005,0.00005,0.00005,0.00005,0.00005,0.00005,0.00005,0.00005,0.00005,0.00005,0.00005,0.00005
KL,resid urban,traditional biomass,resid urban cooking,0.00005,0.00005,0.00005,0.00005,0.00005,0.00005,0.00005,0.00005,0.00005,0.00005,0.00005,0.00005,0.00005,0.00005,0.00005,0.00005,0.00005,0.00005,0.00005,0.00005,0.00005,0.00005,0.00005,0.00005,0.00005,0.00005,0.00005,0.00005,0.00005,0.00005,0.00005,0.00005,0.00005,0.00005,0.00005,0.00005,0.00005,0.00005,0.00005,0.00005
LA,resid urban,traditional biomass,resid urban cooking,0.00005,0.00005,0.00005,0.00005,0.00005,0.00005,0.00005,0.00005,0.00005,0.00005,0.00005,0.00005,0.00005,0.00005,0.00005,0.00005,0.00005,0.00005,0.00005,0.00005,0.00005,0.00005,0.00005,0.00005,0.00005,0.00005,0.00005,0.00005,0.00005,0.00005,0.00005,0.00005,0.00005,0.00005,0.00005,0.00005,0.00005,0.00005,0.00005,0.00005
LD,resid urban,traditional biomass,resid urban cooking,0.00005,0.00005,0.00005,0.00005,0.00005,0.00005,0.00005,0.00005,0.00005,0.00005,0.00005,0.00005,0.00005,0.00005,0.00005,0.00005,0.00005,0.00005,0.00005,0.00005,0.00005,0.00005,0.00005,0.00005,0.00005,0.00005,0.00005,0.00005,0.00005,0.00005,0.00005,0.00005,0.00005,0.00005,0.00005,0.00005,0.00005,0.00005,0.00005,0.00005
MH,resid urban,traditional biomass,resid urban cooking,0.00005,0.00005,0.00005,0.00005,0.00005,0.00005,0.00005,0.00005,0.00005,0.00005,0.00005,0.00005,0.00005,0.00005,0.00005,0.00005,0.00005,0.00005,0.00005,0.00005,0.00005,0.00005,0.00005,0.00005,0.00005,0.00005,0.00005,0.00005,0.00005,0.00005,0.00005,0.00005,0.00005,0.00005,0.00005,0.00005,0.00005,0.00005,0.00005,0.00005
ML,resid urban,traditional biomass,resid urban cooking,0.00005,0.00005,0.00005,0.00005,0.00005,0.00005,0.00005,0.00005,0.00005,0.00005,0.00005,0.00005,0.00005,0.00005,0.00005,0.00005,0.00005,0.00005,0.00005,0.00005,0.00005,0.00005,0.00005,0.00005,0.00005,0.00005,0.00005,0.00005,0.00005,0.00005,0.00005,0.00005,0.00005,0.00005,0.00005,0.00005,0.00005,0.00005,0.00005,0.00005
MN,resid urban,traditional biomass,resid urban cooking,0.00005,0.00005,0.00005,0.00005,0.00005,0.00005,0.00005,0.00005,0.00005,0.00005,0.00005,0.00005,0.00005,0.00005,0.00005,0.00005,0.00005,0.00005,0.00005,0.00005,0.00005,0.00005,0.00005,0.00005,0.00005,0.00005,0.00005,0.00005,0.00005,0.00005,0.00005,0.00005,0.00005,0.00005,0.00005,0.00005,0.00005,0.00005,0.00005,0.00005
MP,resid urban,traditional biomass,resid urban cooking,0.00005,0.00005,0.00005,0.00005,0.00005,0.00005,0.00005,0.00005,0.00005,0.00005,0.00005,0.00005,0.00005,0.00005,0.00005,0.00005,0.00005,0.00005,0.00005,0.00005,0.00005,0.00005,0.00005,0.00005,0.00005,0.00005,0.00005,0.00005,0.00005,0.00005,0.00005,0.00005,0.00005,0.00005,0.00005,0.00005,0.00005,0.00005,0.00005,0.00005
MZ,resid urban,traditional biomass,resid urban cooking,0.00005,0.00005,0.00005,0.00005,0.00005,0.00005,0.00005,0.00005,0.00005,0.00005,0.00005,0.00005,0.00005,0.00005,0.00005,0.00005,0.00005,0.00005,0.00005,0.00005,0.00005,0.00005,0.00005,0.00005,0.00005,0.00005,0.00005,0.00005,0.00005,0.00005,0.00005,0.00005,0.00005,0.00005,0.00005,0.00005,0.00005,0.00005,0.00005,0.00005
NL,resid urban,traditional biomass,resid urban cooking,0.00005,0.00005,0.00005,0.00005,0.00005,0.00005,0.00005,0.00005,0.00005,0.00005,0.00005,0.00005,0.00005,0.00005,0.00005,0.00005,0.00005,0.00005,0.00005,0.00005,0.00005,0.00005,0.00005,0.00005,0.00005,0.00005,0.00005,0.00005,0.00005,0.00005,0.00005,0.00005,0.00005,0.00005,0.00005,0.00005,0.00005,0.00005,0.00005,0.00005
OD,resid urban,traditional biomass,resid urban cooking,0.00005,0.00005,0.00005,0.00005,0.00005,0.00005,0.00005,0.00005,0.00005,0.00005,0.00005,0.00005,0.00005,0.00005,0.00005,0.00005,0.00005,0.00005,0.00005,0.00005,0.00005,0.00005,0.00005,0.00005,0.00005,0.00005,0.00005,0.00005,0.00005,0.00005,0.00005,0.00005,0.00005,0.00005,0.00005,0.00005,0.00005,0.00005,0.00005,0.00005
PB,resid urban,traditional biomass,resid urban cooking,0.00005,0.00005,0.00005,0.00005,0.00005,0.00005,0.00005,0.00005,0.00005,0.00005,0.00005,0.00005,0.00005,0.00005,0.00005,0.00005,0.00005,0.00005,0.00005,0.00005,0.00005,0.00005,0.00005,0.00005,0.00005,0.00005,0.00005,0.00005,0.00005,0.00005,0.00005,0.00005,0.00005,0.00005,0.00005,0.00005,0.00005,0.00005,0.00005,0.00005
PC,resid urban,traditional biomass,resid urban cooking,0.00005,0.00005,0.00005,0.00005,0.00005,0.00005,0.00005,0.00005,0.00005,0.00005,0.00005,0.00005,0.00005,0.00005,0.00005,0.00005,0.00005,0.00005,0.00005,0.00005,0.00005,0.00005,0.00005,0.00005,0.00005,0.00005,0.00005,0.00005,0.00005,0.00005,0.00005,0.00005,0.00005,0.00005,0.00005,0.00005,0.00005,0.00005,0.00005,0.00005
RJ,resid urban,traditional biomass,resid urban cooking,0.00005,0.00005,0.00005,0.00005,0.00005,0.00005,0.00005,0.00005,0.00005,0.00005,0.00005,0.00005,0.00005,0.00005,0.00005,0.00005,0.00005,0.00005,0.00005,0.00005,0.00005,0.00005,0.00005,0.00005,0.00005,0.00005,0.00005,0.00005,0.00005,0.00005,0.00005,0.00005,0.00005,0.00005,0.00005,0.00005,0.00005,0.00005,0.00005,0.00005
SK,resid urban,traditional biomass,resid urban cooking,0.00005,0.00005,0.00005,0.00005,0.00005,0.00005,0.00005,0.00005,0.00005,0.00005,0.00005,0.00005,0.00005,0.00005,0.00005,0.00005,0.00005,0.00005,0.00005,0.00005,0.00005,0.00005,0.00005,0.00005,0.00005,0.00005,0.00005,0.00005,0.00005,0.00005,0.00005,0.00005,0.00005,0.00005,0.00005,0.00005,0.00005,0.00005,0.00005,0.00005
TN,resid urban,traditional biomass,resid urban cooking,0.00005,0.00005,0.00005,0.00005,0.00005,0.00005,0.00005,0.00005,0.00005,0.00005,0.00005,0.00005,0.00005,0.00005,0.00005,0.00005,0.00005,0.00005,0.00005,0.00005,0.00005,0.00005,0.00005,0.00005,0.00005,0.00005,0.00005,0.00005,0.00005,0.00005,0.00005,0.00005,0.00005,0.00005,0.00005,0.00005,0.00005,0.00005,0.00005,0.00005
TR,resid urban,traditional biomass,resid urban cooking,0.00005,0.00005,0.00005,0.00005,0.00005,0.00005,0.00005,0.00005,0.00005,0.00005,0.00005,0.00005,0.00005,0.00005,0.00005,0.00005,0.00005,0.00005,0.00005,0.00005,0.00005,0.00005,0.00005,0.00005,0.00005,0.00005,0.00005,0.00005,0.00005,0.00005,0.00005,0.00005,0.00005,0.00005,0.00005,0.00005,0.00005,0.00005,0.00005,0.00005
TS,resid urban,traditional biomass,resid urban cooking,0.00005,0.00005,0.00005,0.00005,0.00005,0.00005,0.00005,0.00005,0.00005,0.00005,0.00005,0.00005,0.00005,0.00005,0.00005,0.00005,0.00005,0.00005,0.00005,0.00005,0.00005,0.00005,0.00005,0.00005,0.00005,0.00005,0.00005,0.00005,0.00005,0.00005,0.00005,0.00005,0.00005,0.00005,0.00005,0.00005,0.00005,0.00005,0.00005,0.00005
UK,resid urban,traditional biomass,resid urban cooking,0.00005,0.00005,0.00005,0.00005,0.00005,0.00005,0.00005,0.00005,0.00005,0.00005,0.00005,0.00005,0.00005,0.00005,0.00005,0.00005,0.00005,0.00005,0.00005,0.00005,0.00005,0.00005,0.00005,0.00005,0.00005,0.00005,0.00005,0.00005,0.00005,0.00005,0.00005,0.00005,0.00005,0.00005,0.00005,0.00005,0.00005,0.00005,0.00005,0.00005
UP,resid urban,traditional biomass,resid urban cooking,0.00005,0.00005,0.00005,0.00005,0.00005,0.00005,0.00005,0.00005,0.00005,0.00005,0.00005,0.00005,0.00005,0.00005,0.00005,0.00005,0.00005,0.00005,0.00005,0.00005,0.00005,0.00005,0.00005,0.00005,0.00005,0.00005,0.00005,0.00005,0.00005,0.00005,0.00005,0.00005,0.00005,0.00005,0.00005,0.00005,0.00005,0.00005,0.00005,0.00005
WB,resid urban,traditional biomass,resid urban cooking,0.00005,0.00005,0.00005,0.00005,0.00005,0.00005,0.00005,0.00005,0.00005,0.00005,0.00005,0.00005,0.00005,0.00005,0.00005,0.00005,0.00005,0.00005,0.00005,0.00005,0.00005,0.00005,0.00005,0.00005,0.00005,0.00005,0.00005,0.00005,0.00005,0.00005,0.00005,0.00005,0.00005,0.00005,0.00005,0.00005,0.00005,0.00005,0.00005,0.00005
AN,resid rural,refined liquids,resid rural cooking,0.00017,0.00017,0.00017,0.00017,0.00017,0.00017,0.00017,0.00017,0.00017,0.00017,0.00017,0.00017,0.00017,0.00017,0.00017,0.00017,0.00017,0.00017,0.00017,0.00017,0.00017,0.00017,0.00017,0.00017,0.00017,0.00017,0.00017,0.00017,0.00017,0.00017,0.00017,0.00017,0.00017,0.00017,0.00017,0.00017,0.00017,0.00017,0.00017,0.00017
AP,resid rural,refined liquids,resid rural cooking,0.02867,0.02867,0.02867,0.02867,0.02867,0.02867,0.02867,0.02867,0.02867,0.02867,0.02867,0.02867,0.02867,0.02867,0.02867,0.02867,0.02867,0.02867,0.02867,0.02867,0.02867,0.02867,0.02867,0.02867,0.02867,0.02867,0.02867,0.02867,0.02867,0.02867,0.02867,0.02867,0.02867,0.02867,0.02867,0.02867,0.02867,0.02867,0.02867,0.02867
AR,resid rural,refined liquids,resid rural cooking,0.00045,0.00045,0.00045,0.00045,0.00045,0.00045,0.00045,0.00045,0.00045,0.00045,0.00045,0.00045,0.00045,0.00045,0.00045,0.00045,0.00045,0.00045,0.00045,0.00045,0.00045,0.00045,0.00045,0.00045,0.00045,0.00045,0.00045,0.00045,0.00045,0.00045,0.00045,0.00045,0.00045,0.00045,0.00045,0.00045,0.00045,0.00045,0.00045,0.00045
AS,resid rural,refined liquids,resid rural cooking,0.00695,0.00695,0.00695,0.00695,0.00695,0.00695,0.00695,0.00695,0.00695,0.00695,0.00695,0.00695,0.00695,0.00695,0.00695,0.00695,0.00695,0.00695,0.00695,0.00695,0.00695,0.00695,0.00695,0.00695,0.00695,0.00695,0.00695,0.00695,0.00695,0.00695,0.00695,0.00695,0.00695,0.00695,0.00695,0.00695,0.00695,0.00695,0.00695,0.00695
BR,resid rural,refined liquids,resid rural cooking,0.00632,0.00632,0.00632,0.00632,0.00632,0.00632,0.00632,0.00632,0.00632,0.00632,0.00632,0.00632,0.00632,0.00632,0.00632,0.00632,0.00632,0.00632,0.00632,0.00632,0.00632,0.00632,0.00632,0.00632,0.00632,0.00632,0.00632,0.00632,0.00632,0.00632,0.00632,0.00632,0.00632,0.00632,0.00632,0.00632,0.00632,0.00632,0.00632,0.00632
CG,resid rural,refined liquids,resid rural cooking,0.00095,0.00095,0.00095,0.00095,0.00095,0.00095,0.00095,0.00095,0.00095,0.00095,0.00095,0.00095,0.00095,0.00095,0.00095,0.00095,0.00095,0.00095,0.00095,0.00095,0.00095,0.00095,0.00095,0.00095,0.00095,0.00095,0.00095,0.00095,0.00095,0.00095,0.00095,0.00095,0.00095,0.00095,0.00095,0.00095,0.00095,0.00095,0.00095,0.00095
CH,resid rural,refined liquids,resid rural cooking,0.00058,0.00058,0.00058,0.00058,0.00058,0.00058,0.00058,0.00058,0.00058,0.00058,0.00058,0.00058,0.00058,0.00058,0.00058,0.00058,0.00058,0.00058,0.00058,0.00058,0.00058,0.00058,0.00058,0.00058,0.00058,0.00058,0.00058,0.00058,0.00058,0.00058,0.00058,0.00058,0.00058,0.00058,0.00058,0.00058,0.00058,0.00058,0.00058,0.00058
DD,resid rural,refined liquids,resid rural cooking,0.00012,0.00012,0.00012,0.00012,0.00012,0.00012,0.00012,0.00012,0.00012,0.00012,0.00012,0.00012,0.00012,0.00012,0.00012,0.00012,0.00012,0.00012,0.00012,0.00012,0.00012,0.00012,0.00012,0.00012,0.00012,0.00012,0.00012,0.00012,0.00012,0.00012,0.00012,0.00012,0.00012,0.00012,0.00012,0.00012,0.00012,0.00012,0.00012,0.00012
DL,resid rural,refined liquids,resid rural cooking,0.00414,0.00414,0.00414,0.00414,0.00414,0.00414,0.00414,0.00414,0.00414,0.00414,0.00414,0.00414,0.00414,0.00414,0.00414,0.00414,0.00414,0.00414,0.00414,0.00414,0.00414,0.00414,0.00414,0.00414,0.00414,0.00414,0.00414,0.00414,0.00414,0.00414,0.00414,0.00414,0.00414,0.00414,0.00414,0.00414,0.00414,0.00414,0.00414,0.00414
DN,resid rural,refined liquids,resid rural cooking,0.00006,0.00006,0.00006,0.00006,0.00006,0.00006,0.00006,0.00006,0.00006,0.00006,0.00006,0.00006,0.00006,0.00006,0.00006,0.00006,0.00006,0.00006,0.00006,0.00006,0.00006,0.00006,0.00006,0.00006,0.00006,0.00006,0.00006,0.00006,0.00006,0.00006,0.00006,0.00006,0.00006,0.00006,0.00006,0.00006,0.00006,0.00006,0.00006,0.00006
GA,resid rural,refined liquids,resid rural cooking,0.00114,0.00114,0.00114,0.00114,0.00114,0.00114,0.00114,0.00114,0.00114,0.00114,0.00114,0.00114,0.00114,0.00114,0.00114,0.00114,0.00114,0.00114,0.00114,0.00114,0.00114,0.00114,0.00114,0.00114,0.00114,0.00114,0.00114,0.00114,0.00114,0.00114,0.00114,0.00114,0.00114,0.00114,0.00114,0.00114,0.00114,0.00114,0.00114,0.00114
GJ,resid rural,refined liquids,resid rural cooking,0.01137,0.01137,0.01137,0.01137,0.01137,0.01137,0.01137,0.01137,0.01137,0.01137,0.01137,0.01137,0.01137,0.01137,0.01137,0.01137,0.01137,0.01137,0.01137,0.01137,0.01137,0.01137,0.01137,0.01137,0.01137,0.01137,0.01137,0.01137,0.01137,0.01137,0.01137,0.01137,0.01137,0.01137,0.01137,0.01137,0.01137,0.01137,0.01137,0.01137
HP,resid rural,refined liquids,resid rural cooking,0.00578,0.00578,0.00578,0.00578,0.00578,0.00578,0.00578,0.00578,0.00578,0.00578,0.00578,0.00578,0.00578,0.00578,0.00578,0.00578,0.00578,0.00578,0.00578,0.00578,0.00578,0.00578,0.00578,0.00578,0.00578,0.00578,0.00578,0.00578,0.00578,0.00578,0.00578,0.00578,0.00578,0.00578,0.00578,0.00578,0.00578,0.00578,0.00578,0.00578
HR,resid rural,refined liquids,resid rural cooking,0.01125,0.01125,0.01125,0.01125,0.01125,0.01125,0.01125,0.01125,0.01125,0.01125,0.01125,0.01125,0.01125,0.01125,0.01125,0.01125,0.01125,0.01125,0.01125,0.01125,0.01125,0.01125,0.01125,0.01125,0.01125,0.01125,0.01125,0.01125,0.01125,0.01125,0.01125,0.01125,0.01125,0.01125,0.01125,0.01125,0.01125,0.01125,0.01125,0.01125
JH,resid rural,refined liquids,resid rural cooking,0.00093,0.00093,0.00093,0.00093,0.00093,0.00093,0.00093,0.00093,0.00093,0.00093,0.00093,0.00093,0.00093,0.00093,0.00093,0.00093,0.00093,0.00093,0.00093,0.00093,0.00093,0.00093,0.00093,0.00093,0.00093,0.00093,0.00093,0.00093,0.00093,0.00093,0.00093,0.00093,0.00093,0.00093,0.00093,0.00093,0.00093,0.00093,0.00093,0.00093
JK,resid rural,refined liquids,resid rural cooking,0.00449,0.00449,0.00449,0.00449,0.00449,0.00449,0.00449,0.00449,0.00449,0.00449,0.00449,0.00449,0.00449,0.00449,0.00449,0.00449,0.00449,0.00449,0.00449,0.00449,0.00449,0.00449,0.00449,0.00449,0.00449,0.00449,0.00449,0.00449,0.00449,0.00449,0.00449,0.00449,0.00449,0.00449,0.00449,0.00449,0.00449,0.00449,0.00449,0.00449
KA,resid rural,refined liquids,resid rural cooking,0.01084,0.01084,0.01084,0.01084,0.01084,0.01084,0.01084,0.01084,0.01084,0.01084,0.01084,0.01084,0.01084,0.01084,0.01084,0.01084,0.01084,0.01084,0.01084,0.01084,0.01084,0.01084,0.01084,0.01084,0.01084,0.01084,0.01084,0.01084,0.01084,0.01084,0.01084,0.01084,0.01084,0.01084,0.01084,0.01084,0.01084,0.01084,0.01084,0.01084
KL,resid rural,refined liquids,resid rural cooking,0.02025,0.02025,0.02025,0.02025,0.02025,0.02025,0.02025,0.02025,0.02025,0.02025,0.02025,0.02025,0.02025,0.02025,0.02025,0.02025,0.02025,0.02025,0.02025,0.02025,0.02025,0.02025,0.02025,0.02025,0.02025,0.02025,0.02025,0.02025,0.02025,0.02025,0.02025,0.02025,0.02025,0.02025,0.02025,0.02025,0.02025,0.02025,0.02025,0.02025
LA,resid rural,refined liquids,resid rural cooking,0.0001,0.0001,0.0001,0.0001,0.0001,0.0001,0.0001,0.0001,0.0001,0.0001,0.0001,0.0001,0.0001,0.0001,0.0001,0.0001,0.0001,0.0001,0.0001,0.0001,0.0001,0.0001,0.0001,0.0001,0.0001,0.0001,0.0001,0.0001,0.0001,0.0001,0.0001,0.0001,0.0001,0.0001,0.0001,0.0001,0.0001,0.0001,0.0001,0.0001
LD,resid rural,refined liquids,resid rural cooking,0.00005,0.00005,0.00005,0.00005,0.00005,0.00005,0.00005,0.00005,0.00005,0.00005,0.00005,0.00005,0.00005,0.00005,0.00005,0.00005,0.00005,0.00005,0.00005,0.00005,0.00005,0.00005,0.00005,0.00005,0.00005,0.00005,0.00005,0.00005,0.00005,0.00005,0.00005,0.00005,0.00005,0.00005,0.00005,0.00005,0.00005,0.00005,0.00005,0.00005
MH,resid rural,refined liquids,resid rural cooking,0.03261,0.03261,0.03261,0.03261,0.03261,0.03261,0.03261,0.03261,0.03261,0.03261,0.03261,0.03261,0.03261,0.03261,0.03261,0.03261,0.03261,0.03261,0.03261,0.03261,0.03261,0.03261,0.03261,0.03261,0.03261,0.03261,0.03261,0.03261,0.03261,0.03261,0.03261,0.03261,0.03261,0.03261,0.03261,0.03261,0.03261,0.03261,0.03261,0.03261
ML,resid rural,refined liquids,resid rural cooking,0.00017,0.00017,0.00017,0.00017,0.00017,0.00017,0.00017,0.00017,0.00017,0.00017,0.00017,0.00017,0.00017,0.00017,0.00017,0.00017,0.00017,0.00017,0.00017,0.00017,0.00017,0.00017,0.00017,0.00017,0.00017,0.00017,0.00017,0.00017,0.00017,0.00017,0.00017,0.00017,0.00017,0.00017,0.00017,0.00017,0.00017,0.00017,0.00017,0.00017
MN,resid rural,refined liquids,resid rural cooking,0.00052,0.00052,0.00052,0.00052,0.00052,0.00052,0.00052,0.00052,0.00052,0.00052,0.00052,0.00052,0.00052,0.00052,0.00052,0.00052,0.00052,0.00052,0.00052,0.00052,0.00052,0.00052,0.00052,0.00052,0.00052,0.00052,0.00052,0.00052,0.00052,0.00052,0.00052,0.00052,0.00052,0.00052,0.00052,0.00052,0.00052,0.00052,0.00052,0.00052
MP,resid rural,refined liquids,resid rural cooking,0.00517,0.00517,0.00517,0.00517,0.00517,0.00517,0.00517,0.00517,0.00517,0.00517,0.00517,0.00517,0.00517,0.00517,0.00517,0.00517,0.00517,0.00517,0.00517,0.00517,0.00517,0.00517,0.00517,0.00517,0.00517,0.00517,0.00517,0.00517,0.00517,0.00517,0.00517,0.00517,0.00517,0.00517,0.00517,0.00517,0.00517,0.00517,0.00517,0.00517
MZ,resid rural,refined liquids,resid rural cooking,0.00032,0.00032,0.00032,0.00032,0.00032,0.00032,0.00032,0.00032,0.00032,0.00032,0.00032,0.00032,0.00032,0.00032,0.00032,0.00032,0.00032,0.00032,0.00032,0.00032,0.00032,0.00032,0.00032,0.00032,0.00032,0.00032,0.00032,0.00032,0.00032,0.00032,0.00032,0.00032,0.00032,0.00032,0.00032,0.00032,0.00032,0.00032,0.00032,0.00032
NL,resid rural,refined liquids,resid rural cooking,0.00067,0.00067,0.00067,0.00067,0.00067,0.00067,0.00067,0.00067,0.00067,0.00067,0.00067,0.00067,0.00067,0.00067,0.00067,0.00067,0.00067,0.00067,0.00067,0.00067,0.00067,0.00067,0.00067,0.00067,0.00067,0.00067,0.00067,0.00067,0.00067,0.00067,0.00067,0.00067,0.00067,0.00067,0.00067,0.00067,0.00067,0.00067,0.00067,0.00067
OD,resid rural,refined liquids,resid rural cooking,0.00244,0.00244,0.00244,0.00244,0.00244,0.00244,0.00244,0.00244,0.00244,0.00244,0.00244,0.00244,0.00244,0.00244,0.00244,0.00244,0.00244,0.00244,0.00244,0.00244,0.00244,0.00244,0.00244,0.00244,0.00244,0.00244,0.00244,0.00244,0.00244,0.00244,0.00244,0.00244,0.00244,0.00244,0.00244,0.00244,0.00244,0.00244,0.00244,0.00244
PB,resid rural,refined liquids,resid rural cooking,0.01679,0.01679,0.01679,0.01679,0.01679,0.01679,0.01679,0.01679,0.01679,0.01679,0.01679,0.01679,0.01679,0.01679,0.01679,0.01679,0.01679,0.01679,0.01679,0.01679,0.01679,0.01679,0.01679,0.01679,0.01679,0.01679,0.01679,0.01679,0.01679,0.01679,0.01679,0.01679,0.01679,0.01679,0.01679,0.01679,0.01679,0.01679,0.01679,0.01679
PC,resid rural,refined liquids,resid rural cooking,0.00042,0.00042,0.00042,0.00042,0.00042,0.00042,0.00042,0.00042,0.00042,0.00042,0.00042,0.00042,0.00042,0.00042,0.00042,0.00042,0.00042,0.00042,0.00042,0.00042,0.00042,0.00042,0.00042,0.00042,0.00042,0.00042,0.00042,0.00042,0.00042,0.00042,0.00042,0.00042,0.00042,0.00042,0.00042,0.00042,0.00042,0.00042,0.00042,0.00042
RJ,resid rural,refined liquids,resid rural cooking,0.0107,0.0107,0.0107,0.0107,0.0107,0.0107,0.0107,0.0107,0.0107,0.0107,0.0107,0.0107,0.0107,0.0107,0.0107,0.0107,0.0107,0.0107,0.0107,0.0107,0.0107,0.0107,0.0107,0.0107,0.0107,0.0107,0.0107,0.0107,0.0107,0.0107,0.0107,0.0107,0.0107,0.0107,0.0107,0.0107,0.0107,0.0107,0.0107,0.0107
SK,resid rural,refined liquids,resid rural cooking,0.00061,0.00061,0.00061,0.00061,0.00061,0.00061,0.00061,0.00061,0.00061,0.00061,0.00061,0.00061,0.00061,0.00061,0.00061,0.00061,0.00061,0.00061,0.00061,0.00061,0.00061,0.00061,0.00061,0.00061,0.00061,0.00061,0.00061,0.00061,0.00061,0.00061,0.00061,0.00061,0.00061,0.00061,0.00061,0.00061,0.00061,0.00061,0.00061,0.00061
TN,resid rural,refined liquids,resid rural cooking,0.02996,0.02996,0.02996,0.02996,0.02996,0.02996,0.02996,0.02996,0.02996,0.02996,0.02996,0.02996,0.02996,0.02996,0.02996,0.02996,0.02996,0.02996,0.02996,0.02996,0.02996,0.02996,0.02996,0.02996,0.02996,0.02996,0.02996,0.02996,0.02996,0.02996,0.02996,0.02996,0.02996,0.02996,0.02996,0.02996,0.02996,0.02996,0.02996,0.02996
TR,resid rural,refined liquids,resid rural cooking,0.0004,0.0004,0.0004,0.0004,0.0004,0.0004,0.0004,0.0004,0.0004,0.0004,0.0004,0.0004,0.0004,0.0004,0.0004,0.0004,0.0004,0.0004,0.0004,0.0004,0.0004,0.0004,0.0004,0.0004,0.0004,0.0004,0.0004,0.0004,0.0004,0.0004,0.0004,0.0004,0.0004,0.0004,0.0004,0.0004,0.0004,0.0004,0.0004,0.0004
TS,resid rural,refined liquids,resid rural cooking,0.00066,0.00066,0.00066,0.00066,0.00066,0.00066,0.00066,0.00066,0.00066,0.00066,0.00066,0.00066,0.00066,0.00066,0.00066,0.00066,0.00066,0.00066,0.00066,0.00066,0.00066,0.00066,0.00066,0.00066,0.00066,0.00066,0.00066,0.00066,0.00066,0.00066,0.00066,0.00066,0.00066,0.00066,0.00066,0.00066,0.00066,0.00066,0.00066,0.00066
UK,resid rural,refined liquids,resid rural cooking,0.00071,0.00071,0.00071,0.00071,0.00071,0.00071,0.00071,0.00071,0.00071,0.00071,0.00071,0.00071,0.00071,0.00071,0.00071,0.00071,0.00071,0.00071,0.00071,0.00071,0.00071,0.00071,0.00071,0.00071,0.00071,0.00071,0.00071,0.00071,0.00071,0.00071,0.00071,0.00071,0.00071,0.00071,0.00071,0.00071,0.00071,0.00071,0.00071,0.00071
UP,resid rural,refined liquids,resid rural cooking,0.00035,0.00035,0.00035,0.00035,0.00035,0.00035,0.00035,0.00035,0.00035,0.00035,0.00035,0.00035,0.00035,0.00035,0.00035,0.00035,0.00035,0.00035,0.00035,0.00035,0.00035,0.00035,0.00035,0.00035,0.00035,0.00035,0.00035,0.00035,0.00035,0.00035,0.00035,0.00035,0.00035,0.00035,0.00035,0.00035,0.00035,0.00035,0.00035,0.00035
WB,resid rural,refined liquids,resid rural cooking,0.00028,0.00028,0.00028,0.00028,0.00028,0.00028,0.00028,0.00028,0.00028,0.00028,0.00028,0.00028,0.00028,0.00028,0.00028,0.00028,0.00028,0.00028,0.00028,0.00028,0.00028,0.00028,0.00028,0.00028,0.00028,0.00028,0.00028,0.00028,0.00028,0.00028,0.00028,0.00028,0.00028,0.00028,0.00028,0.00028,0.00028,0.00028,0.00028,0.00028
AN,resid urban,refined liquids,resid urban cooking,0.00034,0.00034,0.00034,0.00034,0.00034,0.00034,0.00034,0.00034,0.00034,0.00034,0.00034,0.00034,0.00034,0.00034,0.00034,0.00034,0.00034,0.00034,0.00034,0.00034,0.00034,0.00034,0.00034,0.00034,0.00034,0.00034,0.00034,0.00034,0.00034,0.00034,0.00034,0.00034,0.00034,0.00034,0.00034,0.00034,0.00034,0.00034,0.00034,0.00034
AP,resid urban,refined liquids,resid urban cooking,0.05914,0.05914,0.05914,0.05914,0.05914,0.05914,0.05914,0.05914,0.05914,0.05914,0.05914,0.05914,0.05914,0.05914,0.05914,0.05914,0.05914,0.05914,0.05914,0.05914,0.05914,0.05914,0.05914,0.05914,0.05914,0.05914,0.05914,0.05914,0.05914,0.05914,0.05914,0.05914,0.05914,0.05914,0.05914,0.05914,0.05914,0.05914,0.05914,0.05914
AR,resid urban,refined liquids,resid urban cooking,0.00062,0.00062,0.00062,0.00062,0.00062,0.00062,0.00062,0.00062,0.00062,0.00062,0.00062,0.00062,0.00062,0.00062,0.00062,0.00062,0.00062,0.00062,0.00062,0.00062,0.00062,0.00062,0.00062,0.00062,0.00062,0.00062,0.00062,0.00062,0.00062,0.00062,0.00062,0.00062,0.00062,0.00062,0.00062,0.00062,0.00062,0.00062,0.00062,0.00062
AS,resid urban,refined liquids,resid urban cooking,0.00929,0.00929,0.00929,0.00929,0.00929,0.00929,0.00929,0.00929,0.00929,0.00929,0.00929,0.00929,0.00929,0.00929,0.00929,0.00929,0.00929,0.00929,0.00929,0.00929,0.00929,0.00929,0.00929,0.00929,0.00929,0.00929,0.00929,0.00929,0.00929,0.00929,0.00929,0.00929,0.00929,0.00929,0.00929,0.00929,0.00929,0.00929,0.00929,0.00929
BR,resid urban,refined liquids,resid urban cooking,0.02292,0.02292,0.02292,0.02292,0.02292,0.02292,0.02292,0.02292,0.02292,0.02292,0.02292,0.02292,0.02292,0.02292,0.02292,0.02292,0.02292,0.02292,0.02292,0.02292,0.02292,0.02292,0.02292,0.02292,0.02292,0.02292,0.02292,0.02292,0.02292,0.02292,0.02292,0.02292,0.02292,0.02292,0.02292,0.02292,0.02292,0.02292,0.02292,0.02292
CG,resid urban,refined liquids,resid urban cooking,0.00931,0.00931,0.00931,0.00931,0.00931,0.00931,0.00931,0.00931,0.00931,0.00931,0.00931,0.00931,0.00931,0.00931,0.00931,0.00931,0.00931,0.00931,0.00931,0.00931,0.00931,0.00931,0.00931,0.00931,0.00931,0.00931,0.00931,0.00931,0.00931,0.00931,0.00931,0.00931,0.00931,0.00931,0.00931,0.00931,0.00931,0.00931,0.00931,0.00931
CH,resid urban,refined liquids,resid urban cooking,0.00229,0.00229,0.00229,0.00229,0.00229,0.00229,0.00229,0.00229,0.00229,0.00229,0.00229,0.00229,0.00229,0.00229,0.00229,0.00229,0.00229,0.00229,0.00229,0.00229,0.00229,0.00229,0.00229,0.00229,0.00229,0.00229,0.00229,0.00229,0.00229,0.00229,0.00229,0.00229,0.00229,0.00229,0.00229,0.00229,0.00229,0.00229,0.00229,0.00229
DD,resid urban,refined liquids,resid urban cooking,0.00028,0.00028,0.00028,0.00028,0.00028,0.00028,0.00028,0.00028,0.00028,0.00028,0.00028,0.00028,0.00028,0.00028,0.00028,0.00028,0.00028,0.00028,0.00028,0.00028,0.00028,0.00028,0.00028,0.00028,0.00028,0.00028,0.00028,0.00028,0.00028,0.00028,0.00028,0.00028,0.00028,0.00028,0.00028,0.00028,0.00028,0.00028,0.00028,0.00028
DL,resid urban,refined liquids,resid urban cooking,0.05034,0.05034,0.05034,0.05034,0.05034,0.05034,0.05034,0.05034,0.05034,0.05034,0.05034,0.05034,0.05034,0.05034,0.05034,0.05034,0.05034,0.05034,0.05034,0.05034,0.05034,0.05034,0.05034,0.05034,0.05034,0.05034,0.05034,0.05034,0.05034,0.05034,0.05034,0.05034,0.05034,0.05034,0.05034,0.05034,0.05034,0.05034,0.05034,0.05034
DN,resid urban,refined liquids,resid urban cooking,0.00033,0.00033,0.00033,0.00033,0.00033,0.00033,0.00033,0.00033,0.00033,0.00033,0.00033,0.00033,0.00033,0.00033,0.00033,0.00033,0.00033,0.00033,0.00033,0.00033,0.00033,0.00033,0.00033,0.00033,0.00033,0.00033,0.00033,0.00033,0.00033,0.00033,0.00033,0.00033,0.00033,0.00033,0.00033,0.00033,0.00033,0.00033,0.00033,0.00033
GA,resid urban,refined liquids,resid urban cooking,0.00269,0.00269,0.00269,0.00269,0.00269,0.00269,0.00269,0.00269,0.00269,0.00269,0.00269,0.00269,0.00269,0.00269,0.00269,0.00269,0.00269,0.00269,0.00269,0.00269,0.00269,0.00269,0.00269,0.00269,0.00269,0.00269,0.00269,0.00269,0.00269,0.00269,0.00269,0.00269,0.00269,0.00269,0.00269,0.00269,0.00269,0.00269,0.00269,0.00269
GJ,resid urban,refined liquids,resid urban cooking,0.0418,0.0418,0.0418,0.0418,0.0418,0.0418,0.0418,0.0418,0.0418,0.0418,0.0418,0.0418,0.0418,0.0418,0.0418,0.0418,0.0418,0.0418,0.0418,0.0418,0.0418,0.0418,0.0418,0.0418,0.0418,0.0418,0.0418,0.0418,0.0418,0.0418,0.0418,0.0418,0.0418,0.0418,0.0418,0.0418,0.0418,0.0418,0.0418,0.0418
HP,resid urban,refined liquids,resid urban cooking,0.00226,0.00226,0.00226,0.00226,0.00226,0.00226,0.00226,0.00226,0.00226,0.00226,0.00226,0.00226,0.00226,0.00226,0.00226,0.00226,0.00226,0.00226,0.00226,0.00226,0.00226,0.00226,0.00226,0.00226,0.00226,0.00226,0.00226,0.00226,0.00226,0.00226,0.00226,0.00226,0.00226,0.00226,0.00226,0.00226,0.00226,0.00226,0.00226,0.00226
HR,resid urban,refined liquids,resid urban cooking,0.02457,0.02457,0.02457,0.02457,0.02457,0.02457,0.02457,0.02457,0.02457,0.02457,0.02457,0.02457,0.02457,0.02457,0.02457,0.02457,0.02457,0.02457,0.02457,0.02457,0.02457,0.02457,0.02457,0.02457,0.02457,0.02457,0.02457,0.02457,0.02457,0.02457,0.02457,0.02457,0.02457,0.02457,0.02457,0.02457,0.02457,0.02457,0.02457,0.02457
JH,resid urban,refined liquids,resid urban cooking,0.00905,0.00905,0.00905,0.00905,0.00905,0.00905,0.00905,0.00905,0.00905,0.00905,0.00905,0.00905,0.00905,0.00905,0.00905,0.00905,0.00905,0.00905,0.00905,0.00905,0.00905,0.00905,0.00905,0.00905,0.00905,0.00905,0.00905,0.00905,0.00905,0.00905,0.00905,0.00905,0.00905,0.00905,0.00905,0.00905,0.00905,0.00905,0.00905,0.00905
JK,resid urban,refined liquids,resid urban cooking,0.00665,0.00665,0.00665,0.00665,0.00665,0.00665,0.00665,0.00665,0.00665,0.00665,0.00665,0.00665,0.00665,0.00665,0.00665,0.00665,0.00665,0.00665,0.00665,0.00665,0.00665,0.00665,0.00665,0.00665,0.00665,0.00665,0.00665,0.00665,0.00665,0.00665,0.00665,0.00665,0.00665,0.00665,0.00665,0.00665,0.00665,0.00665,0.00665,0.00665
KA,resid urban,refined liquids,resid urban cooking,0.05223,0.05223,0.05223,0.05223,0.05223,0.05223,0.05223,0.05223,0.05223,0.05223,0.05223,0.05223,0.05223,0.05223,0.05223,0.05223,0.05223,0.05223,0.05223,0.05223,0.05223,0.05223,0.05223,0.05223,0.05223,0.05223,0.05223,0.05223,0.05223,0.05223,0.05223,0.05223,0.05223,0.05223,0.05223,0.05223,0.05223,0.05223,0.05223,0.05223
KL,resid urban,refined liquids,resid urban cooking,0.02308,0.02308,0.02308,0.02308,0.02308,0.02308,0.02308,0.02308,0.02308,0.02308,0.02308,0.02308,0.02308,0.02308,0.02308,0.02308,0.02308,0.02308,0.02308,0.02308,0.02308,0.02308,0.02308,0.02308,0.02308,0.02308,0.02308,0.02308,0.02308,0.02308,0.02308,0.02308,0.02308,0.02308,0.02308,0.02308,0.02308,0.02308,0.02308,0.02308
LA,resid urban,refined liquids,resid urban cooking,0.00015,0.00015,0.00015,0.00015,0.00015,0.00015,0.00015,0.00015,0.00015,0.00015,0.00015,0.00015,0.00015,0.00015,0.00015,0.00015,0.00015,0.00015,0.00015,0.00015,0.00015,0.00015,0.00015,0.00015,0.00015,0.00015,0.00015,0.00015,0.00015,0.00015,0.00015,0.00015,0.00015,0.00015,0.00015,0.00015,0.00015,0.00015,0.00015,0.00015
LD,resid urban,refined liquids,resid urban cooking,0.00001,0.00001,0.00001,0.00001,0.00001,0.00001,0.00001,0.00001,0.00001,0.00001,0.00001,0.00001,0.00001,0.00001,0.00001,0.00001,0.00001,0.00001,0.00001,0.00001,0.00001,0.00001,0.00001,0.00001,0.00001,0.00001,0.00001,0.00001,0.00001,0.00001,0.00001,0.00001,0.00001,0.00001,0.00001,0.00001,0.00001,0.00001,0.00001,0.00001
MH,resid urban,refined liquids,resid urban cooking,0.10579,0.10579,0.10579,0.10579,0.10579,0.10579,0.10579,0.10579,0.10579,0.10579,0.10579,0.10579,0.10579,0.10579,0.10579,0.10579,0.10579,0.10579,0.10579,0.10579,0.10579,0.10579,0.10579,0.10579,0.10579,0.10579,0.10579,0.10579,0.10579,0.10579,0.10579,0.10579,0.10579,0.10579,0.10579,0.10579,0.10579,0.10579,0.10579,0.10579
ML,resid urban,refined liquids,resid urban cooking,0.00089,0.00089,0.00089,0.00089,0.00089,0.00089,0.00089,0.00089,0.00089,0.00089,0.00089,0.00089,0.00089,0.00089,0.00089,0.00089,0.00089,0.00089,0.00089,0.00089,0.00089,0.00089,0.00089,0.00089,0.00089,0.00089,0.00089,0.00089,0.00089,0.00089,0.00089,0.00089,0.00089,0.00089,0.00089,0.00089,0.00089,0.00089,0.00089,0.00089
MN,resid urban,refined liquids,resid urban cooking,0.00073,0.00073,0.00073,0.00073,0.00073,0.00073,0.00073,0.00073,0.00073,0.00073,0.00073,0.00073,0.00073,0.00073,0.00073,0.00073,0.00073,0.00073,0.00073,0.00073,0.00073,0.00073,0.00073,0.00073,0.00073,0.00073,0.00073,0.00073,0.00073,0.00073,0.00073,0.00073,0.00073,0.00073,0.00073,0.00073,0.00073,0.00073,0.00073,0.00073
MP,resid urban,refined liquids,resid urban cooking,0.03719,0.03719,0.03719,0.03719,0.03719,0.03719,0.03719,0.03719,0.03719,0.03719,0.03719,0.03719,0.03719,0.03719,0.03719,0.03719,0.03719,0.03719,0.03719,0.03719,0.03719,0.03719,0.03719,0.03719,0.03719,0.03719,0.03719,0.03719,0.03719,0.03719,0.03719,0.03719,0.03719,0.03719,0.03719,0.03719,0.03719,0.03719,0.03719,0.03719
MZ,resid urban,refined liquids,resid urban cooking,0.00122,0.00122,0.00122,0.00122,0.00122,0.00122,0.00122,0.00122,0.00122,0.00122,0.00122,0.00122,0.00122,0.00122,0.00122,0.00122,0.00122,0.00122,0.00122,0.00122,0.00122,0.00122,0.00122,0.00122,0.00122,0.00122,0.00122,0.00122,0.00122,0.00122,0.00122,0.00122,0.00122,0.00122,0.00122,0.00122,0.00122,0.00122,0.00122,0.00122
NL,resid urban,refined liquids,resid urban cooking,0.00057,0.00057,0.00057,0.00057,0.00057,0.00057,0.00057,0.00057,0.00057,0.00057,0.00057,0.00057,0.00057,0.00057,0.00057,0.00057,0.00057,0.00057,0.00057,0.00057,0.00057,0.00057,0.00057,0.00057,0.00057,0.00057,0.00057,0.00057,0.00057,0.00057,0.00057,0.00057,0.00057,0.00057,0.00057,0.00057,0.00057,0.00057,0.00057,0.00057
OD,resid urban,refined liquids,resid urban cooking,0.01062,0.01062,0.01062,0.01062,0.01062,0.01062,0.01062,0.01062,0.01062,0.01062,0.01062,0.01062,0.01062,0.01062,0.01062,0.01062,0.01062,0.01062,0.01062,0.01062,0.01062,0.01062,0.01062,0.01062,0.01062,0.01062,0.01062,0.01062,0.01062,0.01062,0.01062,0.01062,0.01062,0.01062,0.01062,0.01062,0.01062,0.01062,0.01062,0.01062
PB,resid urban,refined liquids,resid urban cooking,0.03145,0.03145,0.03145,0.03145,0.03145,0.03145,0.03145,0.03145,0.03145,0.03145,0.03145,0.03145,0.03145,0.03145,0.03145,0.03145,0.03145,0.03145,0.03145,0.03145,0.03145,0.03145,0.03145,0.03145,0.03145,0.03145,0.03145,0.03145,0.03145,0.03145,0.03145,0.03145,0.03145,0.03145,0.03145,0.03145,0.03145,0.03145,0.03145,0.03145
PC,resid urban,refined liquids,resid urban cooking,0.00194,0.00194,0.00194,0.00194,0.00194,0.00194,0.00194,0.00194,0.00194,0.00194,0.00194,0.00194,0.00194,0.00194,0.00194,0.00194,0.00194,0.00194,0.00194,0.00194,0.00194,0.00194,0.00194,0.00194,0.00194,0.00194,0.00194,0.00194,0.00194,0.00194,0.00194,0.00194,0.00194,0.00194,0.00194,0.00194,0.00194,0.00194,0.00194,0.00194
RJ,resid urban,refined liquids,resid urban cooking,0.03649,0.03649,0.03649,0.03649,0.03649,0.03649,0.03649,0.03649,0.03649,0.03649,0.03649,0.03649,0.03649,0.03649,0.03649,0.03649,0.03649,0.03649,0.03649,0.03649,0.03649,0.03649,0.03649,0.03649,0.03649,0.03649,0.03649,0.03649,0.03649,0.03649,0.03649,0.03649,0.03649,0.03649,0.03649,0.03649,0.03649,0.03649,0.03649,0.03649
SK,resid urban,refined liquids,resid urban cooking,0.0002,0.0002,0.0002,0.0002,0.0002,0.0002,0.0002,0.0002,0.0002,0.0002,0.0002,0.0002,0.0002,0.0002,0.0002,0.0002,0.0002,0.0002,0.0002,0.0002,0.0002,0.0002,0.0002,0.0002,0.0002,0.0002,0.0002,0.0002,0.0002,0.0002,0.0002,0.0002,0.0002,0.0002,0.0002,0.0002,0.0002,0.0002,0.0002,0.0002
TN,resid urban,refined liquids,resid urban cooking,0.06375,0.06375,0.06375,0.06375,0.06375,0.06375,0.06375,0.06375,0.06375,0.06375,0.06375,0.06375,0.06375,0.06375,0.06375,0.06375,0.06375,0.06375,0.06375,0.06375,0.06375,0.06375,0.06375,0.06375,0.06375,0.06375,0.06375,0.06375,0.06375,0.06375,0.06375,0.06375,0.06375,0.06375,0.06375,0.06375,0.06375,0.06375,0.06375,0.06375
TR,resid urban,refined liquids,resid urban cooking,0.0016,0.0016,0.0016,0.0016,0.0016,0.0016,0.0016,0.0016,0.0016,0.0016,0.0016,0.0016,0.0016,0.0016,0.0016,0.0016,0.0016,0.0016,0.0016,0.0016,0.0016,0.0016,0.0016,0.0016,0.0016,0.0016,0.0016,0.0016,0.0016,0.0016,0.0016,0.0016,0.0016,0.0016,0.0016,0.0016,0.0016,0.0016,0.0016,0.0016
TS,resid urban,refined liquids,resid urban cooking,0.00135,0.00135,0.00135,0.00135,0.00135,0.00135,0.00135,0.00135,0.00135,0.00135,0.00135,0.00135,0.00135,0.00135,0.00135,0.00135,0.00135,0.00135,0.00135,0.00135,0.00135,0.00135,0.00135,0.00135,0.00135,0.00135,0.00135,0.00135,0.00135,0.00135,0.00135,0.00135,0.00135,0.00135,0.00135,0.00135,0.00135,0.00135,0.00135,0.00135
UK,resid urban,refined liquids,resid urban cooking,0.0013,0.0013,0.0013,0.0013,0.0013,0.0013,0.0013,0.0013,0.0013,0.0013,0.0013,0.0013,0.0013,0.0013,0.0013,0.0013,0.0013,0.0013,0.0013,0.0013,0.0013,0.0013,0.0013,0.0013,0.0013,0.0013,0.0013,0.0013,0.0013,0.0013,0.0013,0.0013,0.0013,0.0013,0.0013,0.0013,0.0013,0.0013,0.0013,0.0013
UP,resid urban,refined liquids,resid urban cooking,0.00165,0.00165,0.00165,0.00165,0.00165,0.00165,0.00165,0.00165,0.00165,0.00165,0.00165,0.00165,0.00165,0.00165,0.00165,0.00165,0.00165,0.00165,0.00165,0.00165,0.00165,0.00165,0.00165,0.00165,0.00165,0.00165,0.00165,0.00165,0.00165,0.00165,0.00165,0.00165,0.00165,0.00165,0.00165,0.00165,0.00165,0.00165,0.00165,0.00165
WB,resid urban,refined liquids,resid urban cooking,0.00172,0.00172,0.00172,0.00172,0.00172,0.00172,0.00172,0.00172,0.00172,0.00172,0.00172,0.00172,0.00172,0.00172,0.00172,0.00172,0.00172,0.00172,0.00172,0.00172,0.00172,0.00172,0.00172,0.00172,0.00172,0.00172,0.00172,0.00172,0.00172,0.00172,0.00172,0.00172,0.00172,0.00172,0.00172,0.00172,0.00172,0.00172,0.00172,0.00172
AN,resid rural,gas,resid rural cooking,0.00005,0.00005,0.00005,0.00005,0.00005,0.00005,0.00005,0.00005,0.00005,0.00005,0.00005,0.00005,0.00005,0.00005,0.00005,0.00005,0.00005,0.00005,0.00005,0.00005,0.00005,0.00005,0.00005,0.00005,0.00005,0.00005,0.00005,0.00005,0.00005,0.00005,0.00005,0.00005,0.00005,0.00005,0.00005,0.00005,0.00005,0.00005,0.00005,0.00005
AP,resid rural,gas,resid rural cooking,0.00005,0.00005,0.00005,0.00005,0.00005,0.00005,0.00005,0.00005,0.00005,0.00005,0.00005,0.00005,0.00005,0.00005,0.00005,0.00005,0.00005,0.00005,0.00005,0.00005,0.00005,0.00005,0.00005,0.00005,0.00005,0.00005,0.00005,0.00005,0.00005,0.00005,0.00005,0.00005,0.00005,0.00005,0.00005,0.00005,0.00005,0.00005,0.00005,0.00005
AR,resid rural,gas,resid rural cooking,0.00005,0.00005,0.00005,0.00005,0.00005,0.00005,0.00005,0.00005,0.00005,0.00005,0.00005,0.00005,0.00005,0.00005,0.00005,0.00005,0.00005,0.00005,0.00005,0.00005,0.00005,0.00005,0.00005,0.00005,0.00005,0.00005,0.00005,0.00005,0.00005,0.00005,0.00005,0.00005,0.00005,0.00005,0.00005,0.00005,0.00005,0.00005,0.00005,0.00005
AS,resid rural,gas,resid rural cooking,0.00005,0.00005,0.00005,0.00005,0.00005,0.00005,0.00005,0.00005,0.00005,0.00005,0.00005,0.00005,0.00005,0.00005,0.00005,0.00005,0.00005,0.00005,0.00005,0.00005,0.00005,0.00005,0.00005,0.00005,0.00005,0.00005,0.00005,0.00005,0.00005,0.00005,0.00005,0.00005,0.00005,0.00005,0.00005,0.00005,0.00005,0.00005,0.00005,0.00005
BR,resid rural,gas,resid rural cooking,0.00005,0.00005,0.00005,0.00005,0.00005,0.00005,0.00005,0.00005,0.00005,0.00005,0.00005,0.00005,0.00005,0.00005,0.00005,0.00005,0.00005,0.00005,0.00005,0.00005,0.00005,0.00005,0.00005,0.00005,0.00005,0.00005,0.00005,0.00005,0.00005,0.00005,0.00005,0.00005,0.00005,0.00005,0.00005,0.00005,0.00005,0.00005,0.00005,0.00005
CG,resid rural,gas,resid rural cooking,0.00005,0.00005,0.00005,0.00005,0.00005,0.00005,0.00005,0.00005,0.00005,0.00005,0.00005,0.00005,0.00005,0.00005,0.00005,0.00005,0.00005,0.00005,0.00005,0.00005,0.00005,0.00005,0.00005,0.00005,0.00005,0.00005,0.00005,0.00005,0.00005,0.00005,0.00005,0.00005,0.00005,0.00005,0.00005,0.00005,0.00005,0.00005,0.00005,0.00005
CH,resid rural,gas,resid rural cooking,0.00005,0.00005,0.00005,0.00005,0.00005,0.00005,0.00005,0.00005,0.00005,0.00005,0.00005,0.00005,0.00005,0.00005,0.00005,0.00005,0.00005,0.00005,0.00005,0.00005,0.00005,0.00005,0.00005,0.00005,0.00005,0.00005,0.00005,0.00005,0.00005,0.00005,0.00005,0.00005,0.00005,0.00005,0.00005,0.00005,0.00005,0.00005,0.00005,0.00005
DD,resid rural,gas,resid rural cooking,0.00005,0.00005,0.00005,0.00005,0.00005,0.00005,0.00005,0.00005,0.00005,0.00005,0.00005,0.00005,0.00005,0.00005,0.00005,0.00005,0.00005,0.00005,0.00005,0.00005,0.00005,0.00005,0.00005,0.00005,0.00005,0.00005,0.00005,0.00005,0.00005,0.00005,0.00005,0.00005,0.00005,0.00005,0.00005,0.00005,0.00005,0.00005,0.00005,0.00005
DL,resid rural,gas,resid rural cooking,0.00005,0.00005,0.00005,0.00005,0.00005,0.00005,0.00005,0.00005,0.00005,0.00005,0.00005,0.00005,0.00005,0.00005,0.00005,0.00005,0.00005,0.00005,0.00005,0.00005,0.00005,0.00005,0.00005,0.00005,0.00005,0.00005,0.00005,0.00005,0.00005,0.00005,0.00005,0.00005,0.00005,0.00005,0.00005,0.00005,0.00005,0.00005,0.00005,0.00005
DN,resid rural,gas,resid rural cooking,0.00005,0.00005,0.00005,0.00005,0.00005,0.00005,0.00005,0.00005,0.00005,0.00005,0.00005,0.00005,0.00005,0.00005,0.00005,0.00005,0.00005,0.00005,0.00005,0.00005,0.00005,0.00005,0.00005,0.00005,0.00005,0.00005,0.00005,0.00005,0.00005,0.00005,0.00005,0.00005,0.00005,0.00005,0.00005,0.00005,0.00005,0.00005,0.00005,0.00005
GA,resid rural,gas,resid rural cooking,0.00005,0.00005,0.00005,0.00005,0.00005,0.00005,0.00005,0.00005,0.00005,0.00005,0.00005,0.00005,0.00005,0.00005,0.00005,0.00005,0.00005,0.00005,0.00005,0.00005,0.00005,0.00005,0.00005,0.00005,0.00005,0.00005,0.00005,0.00005,0.00005,0.00005,0.00005,0.00005,0.00005,0.00005,0.00005,0.00005,0.00005,0.00005,0.00005,0.00005
GJ,resid rural,gas,resid rural cooking,0.00005,0.00005,0.00005,0.00005,0.00005,0.00005,0.00005,0.00005,0.00005,0.00005,0.00005,0.00005,0.00005,0.00005,0.00005,0.00005,0.00005,0.00005,0.00005,0.00005,0.00005,0.00005,0.00005,0.00005,0.00005,0.00005,0.00005,0.00005,0.00005,0.00005,0.00005,0.00005,0.00005,0.00005,0.00005,0.00005,0.00005,0.00005,0.00005,0.00005
HP,resid rural,gas,resid rural cooking,0.00005,0.00005,0.00005,0.00005,0.00005,0.00005,0.00005,0.00005,0.00005,0.00005,0.00005,0.00005,0.00005,0.00005,0.00005,0.00005,0.00005,0.00005,0.00005,0.00005,0.00005,0.00005,0.00005,0.00005,0.00005,0.00005,0.00005,0.00005,0.00005,0.00005,0.00005,0.00005,0.00005,0.00005,0.00005,0.00005,0.00005,0.00005,0.00005,0.00005
HR,resid rural,gas,resid rural cooking,0.00005,0.00005,0.00005,0.00005,0.00005,0.00005,0.00005,0.00005,0.00005,0.00005,0.00005,0.00005,0.00005,0.00005,0.00005,0.00005,0.00005,0.00005,0.00005,0.00005,0.00005,0.00005,0.00005,0.00005,0.00005,0.00005,0.00005,0.00005,0.00005,0.00005,0.00005,0.00005,0.00005,0.00005,0.00005,0.00005,0.00005,0.00005,0.00005,0.00005
JH,resid rural,gas,resid rural cooking,0.00005,0.00005,0.00005,0.00005,0.00005,0.00005,0.00005,0.00005,0.00005,0.00005,0.00005,0.00005,0.00005,0.00005,0.00005,0.00005,0.00005,0.00005,0.00005,0.00005,0.00005,0.00005,0.00005,0.00005,0.00005,0.00005,0.00005,0.00005,0.00005,0.00005,0.00005,0.00005,0.00005,0.00005,0.00005,0.00005,0.00005,0.00005,0.00005,0.00005
JK,resid rural,gas,resid rural cooking,0.00005,0.00005,0.00005,0.00005,0.00005,0.00005,0.00005,0.00005,0.00005,0.00005,0.00005,0.00005,0.00005,0.00005,0.00005,0.00005,0.00005,0.00005,0.00005,0.00005,0.00005,0.00005,0.00005,0.00005,0.00005,0.00005,0.00005,0.00005,0.00005,0.00005,0.00005,0.00005,0.00005,0.00005,0.00005,0.00005,0.00005,0.00005,0.00005,0.00005
KA,resid rural,gas,resid rural cooking,0.00005,0.00005,0.00005,0.00005,0.00005,0.00005,0.00005,0.00005,0.00005,0.00005,0.00005,0.00005,0.00005,0.00005,0.00005,0.00005,0.00005,0.00005,0.00005,0.00005,0.00005,0.00005,0.00005,0.00005,0.00005,0.00005,0.00005,0.00005,0.00005,0.00005,0.00005,0.00005,0.00005,0.00005,0.00005,0.00005,0.00005,0.00005,0.00005,0.00005
KL,resid rural,gas,resid rural cooking,0.00005,0.00005,0.00005,0.00005,0.00005,0.00005,0.00005,0.00005,0.00005,0.00005,0.00005,0.00005,0.00005,0.00005,0.00005,0.00005,0.00005,0.00005,0.00005,0.00005,0.00005,0.00005,0.00005,0.00005,0.00005,0.00005,0.00005,0.00005,0.00005,0.00005,0.00005,0.00005,0.00005,0.00005,0.00005,0.00005,0.00005,0.00005,0.00005,0.00005
LA,resid rural,gas,resid rural cooking,0.00005,0.00005,0.00005,0.00005,0.00005,0.00005,0.00005,0.00005,0.00005,0.00005,0.00005,0.00005,0.00005,0.00005,0.00005,0.00005,0.00005,0.00005,0.00005,0.00005,0.00005,0.00005,0.00005,0.00005,0.00005,0.00005,0.00005,0.00005,0.00005,0.00005,0.00005,0.00005,0.00005,0.00005,0.00005,0.00005,0.00005,0.00005,0.00005,0.00005
LD,resid rural,gas,resid rural cooking,0.00005,0.00005,0.00005,0.00005,0.00005,0.00005,0.00005,0.00005,0.00005,0.00005,0.00005,0.00005,0.00005,0.00005,0.00005,0.00005,0.00005,0.00005,0.00005,0.00005,0.00005,0.00005,0.00005,0.00005,0.00005,0.00005,0.00005,0.00005,0.00005,0.00005,0.00005,0.00005,0.00005,0.00005,0.00005,0.00005,0.00005,0.00005,0.00005,0.00005
MH,resid rural,gas,resid rural cooking,0.00005,0.00005,0.00005,0.00005,0.00005,0.00005,0.00005,0.00005,0.00005,0.00005,0.00005,0.00005,0.00005,0.00005,0.00005,0.00005,0.00005,0.00005,0.00005,0.00005,0.00005,0.00005,0.00005,0.00005,0.00005,0.00005,0.00005,0.00005,0.00005,0.00005,0.00005,0.00005,0.00005,0.00005,0.00005,0.00005,0.00005,0.00005,0.00005,0.00005
ML,resid rural,gas,resid rural cooking,0.00005,0.00005,0.00005,0.00005,0.00005,0.00005,0.00005,0.00005,0.00005,0.00005,0.00005,0.00005,0.00005,0.00005,0.00005,0.00005,0.00005,0.00005,0.00005,0.00005,0.00005,0.00005,0.00005,0.00005,0.00005,0.00005,0.00005,0.00005,0.00005,0.00005,0.00005,0.00005,0.00005,0.00005,0.00005,0.00005,0.00005,0.00005,0.00005,0.00005
MN,resid rural,gas,resid rural cooking,0.00005,0.00005,0.00005,0.00005,0.00005,0.00005,0.00005,0.00005,0.00005,0.00005,0.00005,0.00005,0.00005,0.00005,0.00005,0.00005,0.00005,0.00005,0.00005,0.00005,0.00005,0.00005,0.00005,0.00005,0.00005,0.00005,0.00005,0.00005,0.00005,0.00005,0.00005,0.00005,0.00005,0.00005,0.00005,0.00005,0.00005,0.00005,0.00005,0.00005
MP,resid rural,gas,resid rural cooking,0.00005,0.00005,0.00005,0.00005,0.00005,0.00005,0.00005,0.00005,0.00005,0.00005,0.00005,0.00005,0.00005,0.00005,0.00005,0.00005,0.00005,0.00005,0.00005,0.00005,0.00005,0.00005,0.00005,0.00005,0.00005,0.00005,0.00005,0.00005,0.00005,0.00005,0.00005,0.00005,0.00005,0.00005,0.00005,0.00005,0.00005,0.00005,0.00005,0.00005
MZ,resid rural,gas,resid rural cooking,0.00005,0.00005,0.00005,0.00005,0.00005,0.00005,0.00005,0.00005,0.00005,0.00005,0.00005,0.00005,0.00005,0.00005,0.00005,0.00005,0.00005,0.00005,0.00005,0.00005,0.00005,0.00005,0.00005,0.00005,0.00005,0.00005,0.00005,0.00005,0.00005,0.00005,0.00005,0.00005,0.00005,0.00005,0.00005,0.00005,0.00005,0.00005,0.00005,0.00005
NL,resid rural,gas,resid rural cooking,0.00005,0.00005,0.00005,0.00005,0.00005,0.00005,0.00005,0.00005,0.00005,0.00005,0.00005,0.00005,0.00005,0.00005,0.00005,0.00005,0.00005,0.00005,0.00005,0.00005,0.00005,0.00005,0.00005,0.00005,0.00005,0.00005,0.00005,0.00005,0.00005,0.00005,0.00005,0.00005,0.00005,0.00005,0.00005,0.00005,0.00005,0.00005,0.00005,0.00005
OD,resid rural,gas,resid rural cooking,0.00005,0.00005,0.00005,0.00005,0.00005,0.00005,0.00005,0.00005,0.00005,0.00005,0.00005,0.00005,0.00005,0.00005,0.00005,0.00005,0.00005,0.00005,0.00005,0.00005,0.00005,0.00005,0.00005,0.00005,0.00005,0.00005,0.00005,0.00005,0.00005,0.00005,0.00005,0.00005,0.00005,0.00005,0.00005,0.00005,0.00005,0.00005,0.00005,0.00005
PB,resid rural,gas,resid rural cooking,0.00005,0.00005,0.00005,0.00005,0.00005,0.00005,0.00005,0.00005,0.00005,0.00005,0.00005,0.00005,0.00005,0.00005,0.00005,0.00005,0.00005,0.00005,0.00005,0.00005,0.00005,0.00005,0.00005,0.00005,0.00005,0.00005,0.00005,0.00005,0.00005,0.00005,0.00005,0.00005,0.00005,0.00005,0.00005,0.00005,0.00005,0.00005,0.00005,0.00005
PC,resid rural,gas,resid rural cooking,0.00005,0.00005,0.00005,0.00005,0.00005,0.00005,0.00005,0.00005,0.00005,0.00005,0.00005,0.00005,0.00005,0.00005,0.00005,0.00005,0.00005,0.00005,0.00005,0.00005,0.00005,0.00005,0.00005,0.00005,0.00005,0.00005,0.00005,0.00005,0.00005,0.00005,0.00005,0.00005,0.00005,0.00005,0.00005,0.00005,0.00005,0.00005,0.00005,0.00005
RJ,resid rural,gas,resid rural cooking,0.00005,0.00005,0.00005,0.00005,0.00005,0.00005,0.00005,0.00005,0.00005,0.00005,0.00005,0.00005,0.00005,0.00005,0.00005,0.00005,0.00005,0.00005,0.00005,0.00005,0.00005,0.00005,0.00005,0.00005,0.00005,0.00005,0.00005,0.00005,0.00005,0.00005,0.00005,0.00005,0.00005,0.00005,0.00005,0.00005,0.00005,0.00005,0.00005,0.00005
SK,resid rural,gas,resid rural cooking,0.00005,0.00005,0.00005,0.00005,0.00005,0.00005,0.00005,0.00005,0.00005,0.00005,0.00005,0.00005,0.00005,0.00005,0.00005,0.00005,0.00005,0.00005,0.00005,0.00005,0.00005,0.00005,0.00005,0.00005,0.00005,0.00005,0.00005,0.00005,0.00005,0.00005,0.00005,0.00005,0.00005,0.00005,0.00005,0.00005,0.00005,0.00005,0.00005,0.00005
TN,resid rural,gas,resid rural cooking,0.00005,0.00005,0.00005,0.00005,0.00005,0.00005,0.00005,0.00005,0.00005,0.00005,0.00005,0.00005,0.00005,0.00005,0.00005,0.00005,0.00005,0.00005,0.00005,0.00005,0.00005,0.00005,0.00005,0.00005,0.00005,0.00005,0.00005,0.00005,0.00005,0.00005,0.00005,0.00005,0.00005,0.00005,0.00005,0.00005,0.00005,0.00005,0.00005,0.00005
TR,resid rural,gas,resid rural cooking,0.00005,0.00005,0.00005,0.00005,0.00005,0.00005,0.00005,0.00005,0.00005,0.00005,0.00005,0.00005,0.00005,0.00005,0.00005,0.00005,0.00005,0.00005,0.00005,0.00005,0.00005,0.00005,0.00005,0.00005,0.00005,0.00005,0.00005,0.00005,0.00005,0.00005,0.00005,0.00005,0.00005,0.00005,0.00005,0.00005,0.00005,0.00005,0.00005,0.00005
TS,resid rural,gas,resid rural cooking,0.00005,0.00005,0.00005,0.00005,0.00005,0.00005,0.00005,0.00005,0.00005,0.00005,0.00005,0.00005,0.00005,0.00005,0.00005,0.00005,0.00005,0.00005,0.00005,0.00005,0.00005,0.00005,0.00005,0.00005,0.00005,0.00005,0.00005,0.00005,0.00005,0.00005,0.00005,0.00005,0.00005,0.00005,0.00005,0.00005,0.00005,0.00005,0.00005,0.00005
UK,resid rural,gas,resid rural cooking,0.00005,0.00005,0.00005,0.00005,0.00005,0.00005,0.00005,0.00005,0.00005,0.00005,0.00005,0.00005,0.00005,0.00005,0.00005,0.00005,0.00005,0.00005,0.00005,0.00005,0.00005,0.00005,0.00005,0.00005,0.00005,0.00005,0.00005,0.00005,0.00005,0.00005,0.00005,0.00005,0.00005,0.00005,0.00005,0.00005,0.00005,0.00005,0.00005,0.00005
UP,resid rural,gas,resid rural cooking,0.00005,0.00005,0.00005,0.00005,0.00005,0.00005,0.00005,0.00005,0.00005,0.00005,0.00005,0.00005,0.00005,0.00005,0.00005,0.00005,0.00005,0.00005,0.00005,0.00005,0.00005,0.00005,0.00005,0.00005,0.00005,0.00005,0.00005,0.00005,0.00005,0.00005,0.00005,0.00005,0.00005,0.00005,0.00005,0.00005,0.00005,0.00005,0.00005,0.00005
WB,resid rural,gas,resid rural cooking,0.00005,0.00005,0.00005,0.00005,0.00005,0.00005,0.00005,0.00005,0.00005,0.00005,0.00005,0.00005,0.00005,0.00005,0.00005,0.00005,0.00005,0.00005,0.00005,0.00005,0.00005,0.00005,0.00005,0.00005,0.00005,0.00005,0.00005,0.00005,0.00005,0.00005,0.00005,0.00005,0.00005,0.00005,0.00005,0.00005,0.00005,0.00005,0.00005,0.00005
AN,resid urban,gas,resid urban cooking,0.00005,0.00005,0.00005,0.00005,0.00005,0.00005,0.00005,0.00005,0.00005,0.00005,0.00005,0.00005,0.00005,0.00005,0.00005,0.00005,0.00005,0.00005,0.00005,0.00005,0.00005,0.00005,0.00005,0.00005,0.00005,0.00005,0.00005,0.00005,0.00005,0.00005,0.00005,0.00005,0.00005,0.00005,0.00005,0.00005,0.00005,0.00005,0.00005,0.00005
AP,resid urban,gas,resid urban cooking,0.00005,0.00005,0.00005,0.00005,0.00005,0.00005,0.00005,0.00005,0.00005,0.00005,0.00005,0.00005,0.00005,0.00005,0.00005,0.00005,0.00005,0.00005,0.00005,0.00005,0.00005,0.00005,0.00005,0.00005,0.00005,0.00005,0.00005,0.00005,0.00005,0.00005,0.00005,0.00005,0.00005,0.00005,0.00005,0.00005,0.00005,0.00005,0.00005,0.00005
AR,resid urban,gas,resid urban cooking,0.00005,0.00005,0.00005,0.00005,0.00005,0.00005,0.00005,0.00005,0.00005,0.00005,0.00005,0.00005,0.00005,0.00005,0.00005,0.00005,0.00005,0.00005,0.00005,0.00005,0.00005,0.00005,0.00005,0.00005,0.00005,0.00005,0.00005,0.00005,0.00005,0.00005,0.00005,0.00005,0.00005,0.00005,0.00005,0.00005,0.00005,0.00005,0.00005,0.00005
AS,resid urban,gas,resid urban cooking,0.00005,0.00005,0.00005,0.00005,0.00005,0.00005,0.00005,0.00005,0.00005,0.00005,0.00005,0.00005,0.00005,0.00005,0.00005,0.00005,0.00005,0.00005,0.00005,0.00005,0.00005,0.00005,0.00005,0.00005,0.00005,0.00005,0.00005,0.00005,0.00005,0.00005,0.00005,0.00005,0.00005,0.00005,0.00005,0.00005,0.00005,0.00005,0.00005,0.00005
BR,resid urban,gas,resid urban cooking,0.00005,0.00005,0.00005,0.00005,0.00005,0.00005,0.00005,0.00005,0.00005,0.00005,0.00005,0.00005,0.00005,0.00005,0.00005,0.00005,0.00005,0.00005,0.00005,0.00005,0.00005,0.00005,0.00005,0.00005,0.00005,0.00005,0.00005,0.00005,0.00005,0.00005,0.00005,0.00005,0.00005,0.00005,0.00005,0.00005,0.00005,0.00005,0.00005,0.00005
CG,resid urban,gas,resid urban cooking,0.00005,0.00005,0.00005,0.00005,0.00005,0.00005,0.00005,0.00005,0.00005,0.00005,0.00005,0.00005,0.00005,0.00005,0.00005,0.00005,0.00005,0.00005,0.00005,0.00005,0.00005,0.00005,0.00005,0.00005,0.00005,0.00005,0.00005,0.00005,0.00005,0.00005,0.00005,0.00005,0.00005,0.00005,0.00005,0.00005,0.00005,0.00005,0.00005,0.00005
CH,resid urban,gas,resid urban cooking,0.00005,0.00005,0.00005,0.00005,0.00005,0.00005,0.00005,0.00005,0.00005,0.00005,0.00005,0.00005,0.00005,0.00005,0.00005,0.00005,0.00005,0.00005,0.00005,0.00005,0.00005,0.00005,0.00005,0.00005,0.00005,0.00005,0.00005,0.00005,0.00005,0.00005,0.00005,0.00005,0.00005,0.00005,0.00005,0.00005,0.00005,0.00005,0.00005,0.00005
DD,resid urban,gas,resid urban cooking,0.00005,0.00005,0.00005,0.00005,0.00005,0.00005,0.00005,0.00005,0.00005,0.00005,0.00005,0.00005,0.00005,0.00005,0.00005,0.00005,0.00005,0.00005,0.00005,0.00005,0.00005,0.00005,0.00005,0.00005,0.00005,0.00005,0.00005,0.00005,0.00005,0.00005,0.00005,0.00005,0.00005,0.00005,0.00005,0.00005,0.00005,0.00005,0.00005,0.00005
DL,resid urban,gas,resid urban cooking,0.00005,0.00005,0.00005,0.00005,0.00005,0.00005,0.00005,0.00005,0.00005,0.00005,0.00005,0.00005,0.00005,0.00005,0.00005,0.00005,0.00005,0.00005,0.00005,0.00005,0.00005,0.00005,0.00005,0.00005,0.00005,0.00005,0.00005,0.00005,0.00005,0.00005,0.00005,0.00005,0.00005,0.00005,0.00005,0.00005,0.00005,0.00005,0.00005,0.00005
DN,resid urban,gas,resid urban cooking,0.00005,0.00005,0.00005,0.00005,0.00005,0.00005,0.00005,0.00005,0.00005,0.00005,0.00005,0.00005,0.00005,0.00005,0.00005,0.00005,0.00005,0.00005,0.00005,0.00005,0.00005,0.00005,0.00005,0.00005,0.00005,0.00005,0.00005,0.00005,0.00005,0.00005,0.00005,0.00005,0.00005,0.00005,0.00005,0.00005,0.00005,0.00005,0.00005,0.00005
GA,resid urban,gas,resid urban cooking,0.00005,0.00005,0.00005,0.00005,0.00005,0.00005,0.00005,0.00005,0.00005,0.00005,0.00005,0.00005,0.00005,0.00005,0.00005,0.00005,0.00005,0.00005,0.00005,0.00005,0.00005,0.00005,0.00005,0.00005,0.00005,0.00005,0.00005,0.00005,0.00005,0.00005,0.00005,0.00005,0.00005,0.00005,0.00005,0.00005,0.00005,0.00005,0.00005,0.00005
GJ,resid urban,gas,resid urban cooking,0.00002,0.00002,0.00002,0.00002,0.00002,0.00002,0.00002,0.00002,0.00002,0.00002,0.00002,0.00002,0.00002,0.00002,0.00002,0.00002,0.00002,0.00002,0.00002,0.00002,0.00002,0.00002,0.00002,0.00002,0.00002,0.00002,0.00002,0.00002,0.00002,0.00002,0.00002,0.00002,0.00002,0.00002,0.00002,0.00002,0.00002,0.00002,0.00002,0.00002
HP,resid urban,gas,resid urban cooking,0.00005,0.00005,0.00005,0.00005,0.00005,0.00005,0.00005,0.00005,0.00005,0.00005,0.00005,0.00005,0.00005,0.00005,0.00005,0.00005,0.00005,0.00005,0.00005,0.00005,0.00005,0.00005,0.00005,0.00005,0.00005,0.00005,0.00005,0.00005,0.00005,0.00005,0.00005,0.00005,0.00005,0.00005,0.00005,0.00005,0.00005,0.00005,0.00005,0.00005
HR,resid urban,gas,resid urban cooking,0.00005,0.00005,0.00005,0.00005,0.00005,0.00005,0.00005,0.00005,0.00005,0.00005,0.00005,0.00005,0.00005,0.00005,0.00005,0.00005,0.00005,0.00005,0.00005,0.00005,0.00005,0.00005,0.00005,0.00005,0.00005,0.00005,0.00005,0.00005,0.00005,0.00005,0.00005,0.00005,0.00005,0.00005,0.00005,0.00005,0.00005,0.00005,0.00005,0.00005
JH,resid urban,gas,resid urban cooking,0.00005,0.00005,0.00005,0.00005,0.00005,0.00005,0.00005,0.00005,0.00005,0.00005,0.00005,0.00005,0.00005,0.00005,0.00005,0.00005,0.00005,0.00005,0.00005,0.00005,0.00005,0.00005,0.00005,0.00005,0.00005,0.00005,0.00005,0.00005,0.00005,0.00005,0.00005,0.00005,0.00005,0.00005,0.00005,0.00005,0.00005,0.00005,0.00005,0.00005
JK,resid urban,gas,resid urban cooking,0.00005,0.00005,0.00005,0.00005,0.00005,0.00005,0.00005,0.00005,0.00005,0.00005,0.00005,0.00005,0.00005,0.00005,0.00005,0.00005,0.00005,0.00005,0.00005,0.00005,0.00005,0.00005,0.00005,0.00005,0.00005,0.00005,0.00005,0.00005,0.00005,0.00005,0.00005,0.00005,0.00005,0.00005,0.00005,0.00005,0.00005,0.00005,0.00005,0.00005
KA,resid urban,gas,resid urban cooking,0.00005,0.00005,0.00005,0.00005,0.00005,0.00005,0.00005,0.00005,0.00005,0.00005,0.00005,0.00005,0.00005,0.00005,0.00005,0.00005,0.00005,0.00005,0.00005,0.00005,0.00005,0.00005,0.00005,0.00005,0.00005,0.00005,0.00005,0.00005,0.00005,0.00005,0.00005,0.00005,0.00005,0.00005,0.00005,0.00005,0.00005,0.00005,0.00005,0.00005
KL,resid urban,gas,resid urban cooking,0.00005,0.00005,0.00005,0.00005,0.00005,0.00005,0.00005,0.00005,0.00005,0.00005,0.00005,0.00005,0.00005,0.00005,0.00005,0.00005,0.00005,0.00005,0.00005,0.00005,0.00005,0.00005,0.00005,0.00005,0.00005,0.00005,0.00005,0.00005,0.00005,0.00005,0.00005,0.00005,0.00005,0.00005,0.00005,0.00005,0.00005,0.00005,0.00005,0.00005
LA,resid urban,gas,resid urban cooking,0.00001,0.00001,0.00001,0.00001,0.00001,0.00001,0.00001,0.00001,0.00001,0.00001,0.00001,0.00001,0.00001,0.00001,0.00001,0.00001,0.00001,0.00001,0.00001,0.00001,0.00001,0.00001,0.00001,0.00001,0.00001,0.00001,0.00001,0.00001,0.00001,0.00001,0.00001,0.00001,0.00001,0.00001,0.00001,0.00001,0.00001,0.00001,0.00001,0.00001
LD,resid urban,gas,resid urban cooking,0.00005,0.00005,0.00005,0.00005,0.00005,0.00005,0.00005,0.00005,0.00005,0.00005,0.00005,0.00005,0.00005,0.00005,0.00005,0.00005,0.00005,0.00005,0.00005,0.00005,0.00005,0.00005,0.00005,0.00005,0.00005,0.00005,0.00005,0.00005,0.00005,0.00005,0.00005,0.00005,0.00005,0.00005,0.00005,0.00005,0.00005,0.00005,0.00005,0.00005
MH,resid urban,gas,resid urban cooking,0.00005,0.00005,0.00005,0.00005,0.00005,0.00005,0.00005,0.00005,0.00005,0.00005,0.00005,0.00005,0.00005,0.00005,0.00005,0.00005,0.00005,0.00005,0.00005,0.00005,0.00005,0.00005,0.00005,0.00005,0.00005,0.00005,0.00005,0.00005,0.00005,0.00005,0.00005,0.00005,0.00005,0.00005,0.00005,0.00005,0.00005,0.00005,0.00005,0.00005
ML,resid urban,gas,resid urban cooking,0.00005,0.00005,0.00005,0.00005,0.00005,0.00005,0.00005,0.00005,0.00005,0.00005,0.00005,0.00005,0.00005,0.00005,0.00005,0.00005,0.00005,0.00005,0.00005,0.00005,0.00005,0.00005,0.00005,0.00005,0.00005,0.00005,0.00005,0.00005,0.00005,0.00005,0.00005,0.00005,0.00005,0.00005,0.00005,0.00005,0.00005,0.00005,0.00005,0.00005
MN,resid urban,gas,resid urban cooking,0.00005,0.00005,0.00005,0.00005,0.00005,0.00005,0.00005,0.00005,0.00005,0.00005,0.00005,0.00005,0.00005,0.00005,0.00005,0.00005,0.00005,0.00005,0.00005,0.00005,0.00005,0.00005,0.00005,0.00005,0.00005,0.00005,0.00005,0.00005,0.00005,0.00005,0.00005,0.00005,0.00005,0.00005,0.00005,0.00005,0.00005,0.00005,0.00005,0.00005
MP,resid urban,gas,resid urban cooking,0.00005,0.00005,0.00005,0.00005,0.00005,0.00005,0.00005,0.00005,0.00005,0.00005,0.00005,0.00005,0.00005,0.00005,0.00005,0.00005,0.00005,0.00005,0.00005,0.00005,0.00005,0.00005,0.00005,0.00005,0.00005,0.00005,0.00005,0.00005,0.00005,0.00005,0.00005,0.00005,0.00005,0.00005,0.00005,0.00005,0.00005,0.00005,0.00005,0.00005
MZ,resid urban,gas,resid urban cooking,0.00005,0.00005,0.00005,0.00005,0.00005,0.00005,0.00005,0.00005,0.00005,0.00005,0.00005,0.00005,0.00005,0.00005,0.00005,0.00005,0.00005,0.00005,0.00005,0.00005,0.00005,0.00005,0.00005,0.00005,0.00005,0.00005,0.00005,0.00005,0.00005,0.00005,0.00005,0.00005,0.00005,0.00005,0.00005,0.00005,0.00005,0.00005,0.00005,0.00005
NL,resid urban,gas,resid urban cooking,0.00005,0.00005,0.00005,0.00005,0.00005,0.00005,0.00005,0.00005,0.00005,0.00005,0.00005,0.00005,0.00005,0.00005,0.00005,0.00005,0.00005,0.00005,0.00005,0.00005,0.00005,0.00005,0.00005,0.00005,0.00005,0.00005,0.00005,0.00005,0.00005,0.00005,0.00005,0.00005,0.00005,0.00005,0.00005,0.00005,0.00005,0.00005,0.00005,0.00005
OD,resid urban,gas,resid urban cooking,0.00005,0.00005,0.00005,0.00005,0.00005,0.00005,0.00005,0.00005,0.00005,0.00005,0.00005,0.00005,0.00005,0.00005,0.00005,0.00005,0.00005,0.00005,0.00005,0.00005,0.00005,0.00005,0.00005,0.00005,0.00005,0.00005,0.00005,0.00005,0.00005,0.00005,0.00005,0.00005,0.00005,0.00005,0.00005,0.00005,0.00005,0.00005,0.00005,0.00005
PB,resid urban,gas,resid urban cooking,0.00005,0.00005,0.00005,0.00005,0.00005,0.00005,0.00005,0.00005,0.00005,0.00005,0.00005,0.00005,0.00005,0.00005,0.00005,0.00005,0.00005,0.00005,0.00005,0.00005,0.00005,0.00005,0.00005,0.00005,0.00005,0.00005,0.00005,0.00005,0.00005,0.00005,0.00005,0.00005,0.00005,0.00005,0.00005,0.00005,0.00005,0.00005,0.00005,0.00005
PC,resid urban,gas,resid urban cooking,0.00005,0.00005,0.00005,0.00005,0.00005,0.00005,0.00005,0.00005,0.00005,0.00005,0.00005,0.00005,0.00005,0.00005,0.00005,0.00005,0.00005,0.00005,0.00005,0.00005,0.00005,0.00005,0.00005,0.00005,0.00005,0.00005,0.00005,0.00005,0.00005,0.00005,0.00005,0.00005,0.00005,0.00005,0.00005,0.00005,0.00005,0.00005,0.00005,0.00005
RJ,resid urban,gas,resid urban cooking,0.00005,0.00005,0.00005,0.00005,0.00005,0.00005,0.00005,0.00005,0.00005,0.00005,0.00005,0.00005,0.00005,0.00005,0.00005,0.00005,0.00005,0.00005,0.00005,0.00005,0.00005,0.00005,0.00005,0.00005,0.00005,0.00005,0.00005,0.00005,0.00005,0.00005,0.00005,0.00005,0.00005,0.00005,0.00005,0.00005,0.00005,0.00005,0.00005,0.00005
SK,resid urban,gas,resid urban cooking,0.00005,0.00005,0.00005,0.00005,0.00005,0.00005,0.00005,0.00005,0.00005,0.00005,0.00005,0.00005,0.00005,0.00005,0.00005,0.00005,0.00005,0.00005,0.00005,0.00005,0.00005,0.00005,0.00005,0.00005,0.00005,0.00005,0.00005,0.00005,0.00005,0.00005,0.00005,0.00005,0.00005,0.00005,0.00005,0.00005,0.00005,0.00005,0.00005,0.00005
TN,resid urban,gas,resid urban cooking,0.00005,0.00005,0.00005,0.00005,0.00005,0.00005,0.00005,0.00005,0.00005,0.00005,0.00005,0.00005,0.00005,0.00005,0.00005,0.00005,0.00005,0.00005,0.00005,0.00005,0.00005,0.00005,0.00005,0.00005,0.00005,0.00005,0.00005,0.00005,0.00005,0.00005,0.00005,0.00005,0.00005,0.00005,0.00005,0.00005,0.00005,0.00005,0.00005,0.00005
TR,resid urban,gas,resid urban cooking,0.00005,0.00005,0.00005,0.00005,0.00005,0.00005,0.00005,0.00005,0.00005,0.00005,0.00005,0.00005,0.00005,0.00005,0.00005,0.00005,0.00005,0.00005,0.00005,0.00005,0.00005,0.00005,0.00005,0.00005,0.00005,0.00005,0.00005,0.00005,0.00005,0.00005,0.00005,0.00005,0.00005,0.00005,0.00005,0.00005,0.00005,0.00005,0.00005,0.00005
TS,resid urban,gas,resid urban cooking,0.00005,0.00005,0.00005,0.00005,0.00005,0.00005,0.00005,0.00005,0.00005,0.00005,0.00005,0.00005,0.00005,0.00005,0.00005,0.00005,0.00005,0.00005,0.00005,0.00005,0.00005,0.00005,0.00005,0.00005,0.00005,0.00005,0.00005,0.00005,0.00005,0.00005,0.00005,0.00005,0.00005,0.00005,0.00005,0.00005,0.00005,0.00005,0.00005,0.00005
UK,resid urban,gas,resid urban cooking,0.00005,0.00005,0.00005,0.00005,0.00005,0.00005,0.00005,0.00005,0.00005,0.00005,0.00005,0.00005,0.00005,0.00005,0.00005,0.00005,0.00005,0.00005,0.00005,0.00005,0.00005,0.00005,0.00005,0.00005,0.00005,0.00005,0.00005,0.00005,0.00005,0.00005,0.00005,0.00005,0.00005,0.00005,0.00005,0.00005,0.00005,0.00005,0.00005,0.00005
UP,resid urban,gas,resid urban cooking,0.00005,0.00005,0.00005,0.00005,0.00005,0.00005,0.00005,0.00005,0.00005,0.00005,0.00005,0.00005,0.00005,0.00005,0.00005,0.00005,0.00005,0.00005,0.00005,0.00005,0.00005,0.00005,0.00005,0.00005,0.00005,0.00005,0.00005,0.00005,0.00005,0.00005,0.00005,0.00005,0.00005,0.00005,0.00005,0.00005,0.00005,0.00005,0.00005,0.00005
WB,resid urban,gas,resid urban cooking,0.00005,0.00005,0.00005,0.00005,0.00005,0.00005,0.00005,0.00005,0.00005,0.00005,0.00005,0.00005,0.00005,0.00005,0.00005,0.00005,0.00005,0.00005,0.00005,0.00005,0.00005,0.00005,0.00005,0.00005,0.00005,0.00005,0.00005,0.00005,0.00005,0.00005,0.00005,0.00005,0.00005,0.00005,0.00005,0.00005,0.00005,0.00005,0.00005,0.00005
